1711699291.449391	-0.138753 	0.117808 	-0.167760 	-0.073868 	0.382913 	0.920826 	-0.101417 	0.915677 	-0.388908
1711699291.482190	-0.152724 	0.120385 	-0.175858 	-0.070554 	0.374876 	0.924385 	-0.107481 	0.918443 	-0.380669
1711699291.514968	-0.166903 	0.123028 	-0.184143 	-0.065620 	0.364712 	0.928806 	-0.115993 	0.921714 	-0.370122
1711699291.547724	-0.181953 	0.126166 	-0.192889 	-0.066240 	0.355185 	0.932446 	-0.121051 	0.924736 	-0.360847
1711699291.580460	-0.098359 	0.124745 	-0.202309 	-0.032000 	0.362388 	0.931479 	-0.124043 	0.923312 	-0.363472
1711699291.613173	-0.003565 	0.204360 	-0.219235 	0.016961 	0.391046 	0.920214 	-0.123344 	0.914135 	-0.386189
1711699291.645866	0.125988 	0.209532 	-0.202885 	0.041518 	0.379118 	0.924418 	-0.134684 	0.918894 	-0.370804
1711699291.678548	0.124902 	0.176543 	-0.183224 	0.042241 	0.365446 	0.929875 	-0.104361 	0.927228 	-0.359666
1711699291.711895	0.120757 	0.186080 	-0.181618 	0.038866 	0.377082 	0.925363 	-0.108364 	0.922191 	-0.371238
1711699291.745239	0.108523 	0.183551 	-0.197190 	0.028422 	0.391444 	0.919763 	-0.104845 	0.916227 	-0.386699
1711699291.778579	0.094703 	0.186787 	-0.203887 	0.024794 	0.395056 	0.918322 	-0.099484 	0.915020 	-0.390950
1711699291.811916	0.102832 	0.192171 	-0.213194 	0.021074 	0.399544 	0.916472 	-0.108144 	0.912208 	-0.395198
1711699291.845250	0.029382 	0.208754 	-0.168261 	0.041981 	0.434195 	0.899841 	-0.046515 	0.900508 	-0.432347
1711699291.878580	0.034323 	0.217229 	-0.175854 	0.040288 	0.438842 	0.897661 	-0.051475 	0.898109 	-0.436750
1711699291.911907	0.039227 	0.225041 	-0.183141 	0.039181 	0.444133 	0.895104 	-0.054389 	0.895412 	-0.441905
1711699291.945231	0.029003 	0.245315 	-0.137782 	0.050281 	0.473810 	0.879190 	-0.026288 	0.880626 	-0.473081
1711699291.978552	0.037540 	0.255961 	-0.142618 	0.055154 	0.481831 	0.874528 	-0.029475 	0.876265 	-0.480929
1711699292.011869	0.044416 	0.263691 	-0.151629 	0.056186 	0.486410 	0.871923 	-0.029678 	0.873730 	-0.485506
1711699292.045184	0.055488 	0.276640 	-0.157575 	0.051337 	0.485841 	0.872537 	-0.028101 	0.874046 	-0.485028
1711699292.078494	0.060092 	0.284673 	-0.161984 	0.048700 	0.479944 	0.875946 	-0.024835 	0.877297 	-0.479303
1711699292.111803	0.061767 	0.292861 	-0.166885 	0.049098 	0.470685 	0.880934 	-0.022384 	0.882294 	-0.470165
1711699292.145107	0.064461 	0.303372 	-0.173992 	0.051806 	0.465242 	0.883668 	-0.022867 	0.885177 	-0.464695
1711699292.178408	0.067089 	0.314384 	-0.184488 	0.053790 	0.463973 	0.884215 	-0.021880 	0.885832 	-0.463491
1711699292.211706	0.075833 	0.324027 	-0.196208 	0.052537 	0.467842 	0.882249 	-0.018380 	0.883772 	-0.467556
1711699292.245001	0.077464 	0.331786 	-0.207312 	0.053183 	0.474633 	0.878577 	-0.009093 	0.880015 	-0.474859
1711699292.278292	0.085395 	0.341115 	-0.215503 	0.062815 	0.479854 	0.875096 	-0.000398 	0.876840 	-0.480781
1711699292.311581	0.095356 	0.351718 	-0.219654 	0.075814 	0.487013 	0.870098 	0.005923 	0.872374 	-0.488803
1711699292.344865	0.100997 	0.358178 	-0.226152 	0.086164 	0.496197 	0.863923 	0.014970 	0.866406 	-0.499116
1711699292.378147	0.107419 	0.365387 	-0.230242 	0.092545 	0.506851 	0.857050 	0.022828 	0.859437 	-0.510728
1711699292.411425	0.116704 	0.367453 	-0.257032 	0.095704 	0.506735 	0.856774 	0.033699 	0.858583 	-0.511568
1711699292.444701	0.122129 	0.371886 	-0.261181 	0.101620 	0.516406 	0.850293 	0.039558 	0.851944 	-0.522136
1711699292.477973	0.126798 	0.373900 	-0.265904 	0.107886 	0.525872 	0.843695 	0.046644 	0.845036 	-0.532672
1711699292.511242	0.130734 	0.376219 	-0.270193 	0.116361 	0.535599 	0.836416 	0.050360 	0.837872 	-0.543537
1711699292.544507	0.135454 	0.380555 	-0.273265 	0.124537 	0.543847 	0.829894 	0.056435 	0.831168 	-0.553151
1711699292.577770	0.138074 	0.378926 	-0.277730 	0.132171 	0.549859 	0.824733 	0.064253 	0.825530 	-0.560688
1711699292.611028	0.141303 	0.380829 	-0.281340 	0.138002 	0.557583 	0.818568 	0.067321 	0.819284 	-0.569420
1711699292.644284	0.142904 	0.378450 	-0.279361 	0.140279 	0.566506 	0.812029 	0.072091 	0.812118 	-0.579022
1711699292.677539	0.145784 	0.381133 	-0.283097 	0.142305 	0.571356 	0.808272 	0.076686 	0.807765 	-0.584499
1711699292.710785	0.148006 	0.382458 	-0.282768 	0.142539 	0.577483 	0.803862 	0.078881 	0.802944 	-0.590810
1711699292.744027	0.149048 	0.385027 	-0.284904 	0.141057 	0.584199 	0.799259 	0.079899 	0.797980 	-0.597365
1711699292.777265	0.149575 	0.387291 	-0.286832 	0.139432 	0.589697 	0.795497 	0.080445 	0.793943 	-0.602646
1711699292.810498	0.149107 	0.388863 	-0.287494 	0.138675 	0.593282 	0.792962 	0.081207 	0.791190 	-0.606157
1711699292.843728	0.145544 	0.390283 	-0.286817 	0.138790 	0.596327 	0.790652 	0.082907 	0.788580 	-0.609317
1711699292.876952	0.140771 	0.386110 	-0.291497 	0.137269 	0.597121 	0.790317 	0.082842 	0.788154 	-0.609876
1711699292.910173	0.138988 	0.387730 	-0.295449 	0.136759 	0.597851 	0.789857 	0.082073 	0.787768 	-0.610481
1711699292.943389	0.137630 	0.389065 	-0.299776 	0.135944 	0.597704 	0.790107 	0.081118 	0.788118 	-0.610156
1711699292.976602	0.135653 	0.390082 	-0.304853 	0.134034 	0.598050 	0.790172 	0.078061 	0.788517 	-0.610039
1711699293.009809	0.134647 	0.391846 	-0.309993 	0.132696 	0.597349 	0.790928 	0.072785 	0.789957 	-0.608827
1711699293.043012	0.133787 	0.394120 	-0.314182 	0.129901 	0.592549 	0.794993 	0.074097 	0.793743 	-0.603725
1711699293.076211	0.133170 	0.395924 	-0.318594 	0.123317 	0.585409 	0.801304 	0.079597 	0.799030 	-0.595998
1711699293.109406	0.132608 	0.397776 	-0.322746 	0.114980 	0.581321 	0.805510 	0.083726 	0.802332 	-0.590978
1711699293.142596	0.131319 	0.400101 	-0.326795 	0.106665 	0.580698 	0.807101 	0.085935 	0.803310 	-0.589327
1711699293.175783	0.129632 	0.403272 	-0.331130 	0.098317 	0.581134 	0.807849 	0.089388 	0.803343 	-0.588771
1711699293.208964	0.128650 	0.406087 	-0.335899 	0.092301 	0.581428 	0.808344 	0.093451 	0.803169 	-0.588376
1711699293.242142	0.128440 	0.409033 	-0.340288 	0.088899 	0.581382 	0.808760 	0.096472 	0.803131 	-0.587940
1711699293.275315	0.128349 	0.410368 	-0.345492 	0.086955 	0.580621 	0.809519 	0.099294 	0.803499 	-0.586969
1711699293.308484	0.129986 	0.414120 	-0.349121 	0.085707 	0.578207 	0.811377 	0.102695 	0.804909 	-0.584445
1711699293.341648	0.130406 	0.415878 	-0.353515 	0.084548 	0.573272 	0.814992 	0.107075 	0.807957 	-0.579432
1711699293.374809	0.132333 	0.419470 	-0.356372 	0.084987 	0.568242 	0.818462 	0.110687 	0.810966 	-0.574531
1711699293.407965	0.132342 	0.423075 	-0.359778 	0.086587 	0.563273 	0.821722 	0.110681 	0.814275 	-0.569831
1711699293.441117	0.133396 	0.426355 	-0.363277 	0.086572 	0.557845 	0.825418 	0.108371 	0.818338 	-0.564427
1711699293.474264	0.133449 	0.429967 	-0.366185 	0.081538 	0.551421 	0.830231 	0.105719 	0.823520 	-0.557346
1711699293.507407	0.132685 	0.433001 	-0.369096 	0.074115 	0.544912 	0.835211 	0.102713 	0.828889 	-0.549903
1711699293.540546	0.131753 	0.437125 	-0.371240 	0.066971 	0.540558 	0.838637 	0.100082 	0.832646 	-0.544688
1711699293.573681	0.130479 	0.441878 	-0.372752 	0.063372 	0.538718 	0.840101 	0.094945 	0.834720 	-0.542430
1711699293.606811	0.129791 	0.446502 	-0.373931 	0.061457 	0.537429 	0.841065 	0.089591 	0.836286 	-0.540922
1711699293.639937	0.129605 	0.450847 	-0.374008 	0.060051 	0.536509 	0.841757 	0.084764 	0.837492 	-0.539837
1711699293.673061	0.129089 	0.453906 	-0.373186 	0.059376 	0.533008 	0.844025 	0.082193 	0.840035 	-0.536271
1711699293.706363	0.127337 	0.456419 	-0.371442 	0.058780 	0.526801 	0.847953 	0.079368 	0.844267 	-0.530012
1711699293.739662	0.123964 	0.458722 	-0.367924 	0.057407 	0.520482 	0.851941 	0.077042 	0.848494 	-0.523568
1711699293.772962	0.118124 	0.462744 	-0.362675 	0.053536 	0.514130 	0.856038 	0.083352 	0.851975 	-0.516903
1711699293.806260	0.110317 	0.468103 	-0.357785 	0.052553 	0.508405 	0.859514 	0.092680 	0.854505 	-0.511109
1711699293.839558	0.101047 	0.474751 	-0.353479 	0.053107 	0.506594 	0.860549 	0.105541 	0.854091 	-0.509305
1711699293.872854	0.094420 	0.477025 	-0.349344 	0.052589 	0.505532 	0.861203 	0.123444 	0.852491 	-0.507956
1711699293.906150	0.087482 	0.477542 	-0.345124 	0.053808 	0.504025 	0.862012 	0.131714 	0.852137 	-0.506473
1711699293.939444	0.080587 	0.476714 	-0.339802 	0.056662 	0.497479 	0.865624 	0.144842 	0.853748 	-0.500135
1711699293.972738	0.075129 	0.474219 	-0.334747 	0.063606 	0.490850 	0.868920 	0.152563 	0.855666 	-0.494531
1711699294.006031	0.069056 	0.472560 	-0.329578 	0.070622 	0.485677 	0.871281 	0.158848 	0.856840 	-0.490503
1711699294.039323	0.062420 	0.471890 	-0.323958 	0.077108 	0.482874 	0.872289 	0.171713 	0.855389 	-0.488698
1711699294.072614	0.056298 	0.470459 	-0.318969 	0.084759 	0.482155 	0.871978 	0.182326 	0.852846 	-0.489299
1711699294.105904	0.050807 	0.468659 	-0.313951 	0.093454 	0.480828 	0.871820 	0.192089 	0.850493 	-0.489656
1711699294.139193	0.045104 	0.465371 	-0.308904 	0.101837 	0.477652 	0.872627 	0.208115 	0.847548 	-0.488212
1711699294.172482	0.038102 	0.462234 	-0.304209 	0.107186 	0.477418 	0.872114 	0.215755 	0.845096 	-0.489145
1711699294.205769	0.030132 	0.458998 	-0.300227 	0.105878 	0.478197 	0.871847 	0.227272 	0.841931 	-0.489389
1711699294.239056	0.021116 	0.455535 	-0.295378 	0.106011 	0.478152 	0.871854 	0.235534 	0.839768 	-0.489195
1711699294.272341	0.013557 	0.451924 	-0.291977 	0.106161 	0.474869 	0.873631 	0.243564 	0.839411 	-0.485866
1711699294.305627	0.007083 	0.448155 	-0.289780 	0.104146 	0.469720 	0.876650 	0.256673 	0.838890 	-0.479980
1711699294.338910	0.000580 	0.444748 	-0.287492 	0.105003 	0.465694 	0.878694 	0.271468 	0.836598 	-0.475824
1711699294.372194	-0.004416 	0.441640 	-0.286325 	0.108869 	0.463169 	0.879559 	0.287320 	0.832390 	-0.473894
1711699294.405475	-0.009644 	0.438520 	-0.285003 	0.111917 	0.460887 	0.880373 	0.309505 	0.825704 	-0.471612
1711699294.438757	-0.015664 	0.434608 	-0.282921 	0.117479 	0.460182 	0.880017 	0.327288 	0.818703 	-0.471812
1711699294.472037	-0.021784 	0.431015 	-0.281462 	0.121085 	0.463492 	0.877789 	0.344055 	0.809883 	-0.475096
1711699294.505317	-0.028966 	0.427439 	-0.279256 	0.124649 	0.468416 	0.874673 	0.360780 	0.799808 	-0.479738
1711699294.538594	-0.036325 	0.423554 	-0.277239 	0.128697 	0.470124 	0.873168 	0.375291 	0.791916 	-0.481692
1711699294.571872	-0.044982 	0.419514 	-0.274942 	0.129483 	0.470969 	0.872595 	0.389035 	0.785317 	-0.481591
1711699294.605149	-0.054258 	0.415057 	-0.272533 	0.131173 	0.470605 	0.872537 	0.400614 	0.779913 	-0.480874
1711699294.638425	-0.063884 	0.411019 	-0.269486 	0.134831 	0.470242 	0.872176 	0.413490 	0.773208 	-0.480804
1711699294.671700	-0.074159 	0.406816 	-0.266288 	0.138190 	0.469930 	0.871818 	0.426825 	0.766066 	-0.480582
1711699294.705035	-0.084223 	0.404198 	-0.262495 	0.142003 	0.469105 	0.871651 	0.438843 	0.759473 	-0.480226
1711699294.738369	-0.094911 	0.400359 	-0.258827 	0.144029 	0.465594 	0.873200 	0.453493 	0.753234 	-0.476428
1711699294.771705	-0.105726 	0.396659 	-0.255128 	0.145261 	0.461730 	0.875044 	0.469270 	0.746462 	-0.471783
1711699294.805039	-0.119058 	0.394049 	-0.250156 	0.148706 	0.458761 	0.876028 	0.483007 	0.739319 	-0.469159
1711699294.838375	-0.130864 	0.391335 	-0.245532 	0.153477 	0.457849 	0.875682 	0.487903 	0.735513 	-0.470075
1711699294.871710	-0.143211 	0.388168 	-0.240433 	0.153915 	0.459051 	0.874975 	0.497861 	0.728873 	-0.469976
1711699294.905045	-0.155992 	0.386026 	-0.234582 	0.157011 	0.456253 	0.875888 	0.501887 	0.726966 	-0.468647
1711699294.938380	-0.167995 	0.381079 	-0.228009 	0.159888 	0.452710 	0.877207 	0.500076 	0.729025 	-0.467385
1711699294.971716	-0.180515 	0.378199 	-0.221381 	0.161362 	0.449306 	0.878686 	0.494292 	0.733834 	-0.466010
1711699295.005052	-0.191740 	0.373944 	-0.213715 	0.159602 	0.441494 	0.882954 	0.485087 	0.743913 	-0.459655
1711699295.038388	-0.202948 	0.369466 	-0.206288 	0.155040 	0.434112 	0.887418 	0.476928 	0.753778 	-0.452061
1711699295.071723	-0.212840 	0.365199 	-0.199232 	0.151059 	0.430159 	0.890026 	0.467321 	0.762318 	-0.447752
1711699295.105060	-0.220931 	0.360815 	-0.192003 	0.146627 	0.425005 	0.893236 	0.463259 	0.768346 	-0.441627
1711699295.138396	-0.228738 	0.356634 	-0.185412 	0.147504 	0.420175 	0.895374 	0.463102 	0.770571 	-0.437900
1711699295.171733	-0.233571 	0.352745 	-0.178627 	0.155486 	0.418965 	0.894593 	0.459099 	0.771214 	-0.440977
1711699295.205069	-0.238446 	0.348997 	-0.172587 	0.162261 	0.422174 	0.891874 	0.455927 	0.769508 	-0.447199
1711699295.238406	-0.243306 	0.345622 	-0.167146 	0.170436 	0.426149 	0.888452 	0.447647 	0.769746 	-0.455086
1711699295.271742	-0.248007 	0.342431 	-0.162056 	0.177258 	0.429807 	0.885352 	0.436214 	0.772093 	-0.462160
1711699295.305080	-0.253338 	0.339258 	-0.157392 	0.182172 	0.434430 	0.882089 	0.417483 	0.778048 	-0.469410
1711699295.338416	-0.256932 	0.336472 	-0.152496 	0.186350 	0.441576 	0.877658 	0.390662 	0.786347 	-0.478583
1711699295.371754	-0.259813 	0.333321 	-0.147394 	0.184691 	0.446265 	0.875636 	0.363520 	0.796755 	-0.482738
1711699295.405091	-0.261347 	0.328668 	-0.141988 	0.177514 	0.445969 	0.877268 	0.336323 	0.810261 	-0.479960
1711699295.438429	-0.260550 	0.323371 	-0.136645 	0.169984 	0.437550 	0.882980 	0.318152 	0.823670 	-0.469408
1711699295.471766	-0.258046 	0.317998 	-0.132012 	0.164196 	0.427675 	0.888893 	0.297407 	0.837728 	-0.457995
1711699295.505104	-0.255713 	0.313289 	-0.128489 	0.153271 	0.419750 	0.894603 	0.284932 	0.848078 	-0.446737
1711699295.538441	-0.252222 	0.308829 	-0.125734 	0.144448 	0.410467 	0.900362 	0.275826 	0.857137 	-0.435013
1711699295.571780	-0.248585 	0.305322 	-0.123999 	0.138235 	0.408074 	0.902422 	0.264150 	0.862973 	-0.430698
1711699295.605117	-0.243310 	0.302729 	-0.122962 	0.131199 	0.407098 	0.903912 	0.261815 	0.865193 	-0.427661
1711699295.638456	-0.237780 	0.299641 	-0.121963 	0.129009 	0.407783 	0.903918 	0.256958 	0.866655 	-0.427646
1711699295.671794	-0.231561 	0.298467 	-0.122219 	0.129328 	0.414900 	0.900628 	0.250318 	0.865180 	-0.434515
1711699295.705160	-0.224263 	0.297655 	-0.122750 	0.129453 	0.419093 	0.898667 	0.250693 	0.863018 	-0.438581
1711699295.738526	-0.216236 	0.296962 	-0.123504 	0.133260 	0.421640 	0.896917 	0.249389 	0.861602 	-0.442092
1711699295.771894	-0.207329 	0.296917 	-0.124801 	0.137711 	0.428933 	0.892779 	0.244755 	0.858677 	-0.450302
1711699295.805261	-0.198858 	0.297365 	-0.126478 	0.138127 	0.436680 	0.888949 	0.245849 	0.854344 	-0.457881
1711699295.838630	-0.190313 	0.297090 	-0.127769 	0.137281 	0.443208 	0.885845 	0.244417 	0.851502 	-0.463903
1711699295.872000	-0.181396 	0.296913 	-0.128635 	0.136872 	0.448404 	0.883289 	0.244552 	0.848785 	-0.468784
1711699295.905370	-0.171804 	0.296174 	-0.129157 	0.138004 	0.450479 	0.882055 	0.245447 	0.847241 	-0.471101
1711699295.938741	-0.160993 	0.294330 	-0.130109 	0.138143 	0.452496 	0.881001 	0.249309 	0.844999 	-0.473098
1711699295.972114	-0.149900 	0.292985 	-0.130565 	0.142261 	0.454882 	0.879115 	0.253742 	0.841711 	-0.476589
1711699296.005486	-0.138694 	0.291433 	-0.131255 	0.146506 	0.461331 	0.875046 	0.253379 	0.837579 	-0.484001
1711699296.038860	-0.127878 	0.289695 	-0.131909 	0.148352 	0.470466 	0.869858 	0.249498 	0.833332 	-0.493263
1711699296.072234	-0.117522 	0.287484 	-0.132178 	0.146909 	0.477066 	0.866504 	0.244494 	0.831313 	-0.499143
1711699296.105610	-0.107001 	0.285060 	-0.132133 	0.142957 	0.482122 	0.864363 	0.236167 	0.831489 	-0.502845
1711699296.138985	-0.095134 	0.282672 	-0.131877 	0.140434 	0.485421 	0.862929 	0.228170 	0.832239 	-0.505290
1711699296.172363	-0.082531 	0.280209 	-0.131655 	0.140518 	0.485930 	0.862628 	0.219426 	0.834322 	-0.505728
1711699296.205740	-0.070610 	0.278094 	-0.131358 	0.135268 	0.486918 	0.862911 	0.206213 	0.838009 	-0.505192
1711699296.239119	-0.058843 	0.275723 	-0.131072 	0.121616 	0.486873 	0.864964 	0.198497 	0.841900 	-0.501800
1711699296.272498	-0.046126 	0.272850 	-0.130966 	0.111342 	0.482531 	0.868773 	0.188149 	0.848162 	-0.495197
1711699296.305878	-0.032412 	0.270127 	-0.131774 	0.103784 	0.483058 	0.869416 	0.174175 	0.851802 	-0.494063
1711699296.339259	-0.017863 	0.267862 	-0.132902 	0.096961 	0.487073 	0.867962 	0.162178 	0.852684 	-0.496617
1711699296.372641	-0.003012 	0.265573 	-0.134172 	0.089873 	0.490804 	0.866623 	0.145380 	0.854359 	-0.498936
1711699296.406023	0.012043 	0.263642 	-0.135782 	0.079471 	0.494629 	0.865465 	0.127850 	0.855983 	-0.500950
1711699296.439407	0.026967 	0.261977 	-0.137703 	0.065080 	0.499233 	0.864022 	0.113977 	0.856472 	-0.503455
1711699296.472790	0.042502 	0.259989 	-0.139792 	0.054306 	0.504314 	0.861813 	0.094478 	0.856619 	-0.507228
1711699296.506176	0.057919 	0.258647 	-0.141706 	0.043069 	0.511338 	0.858298 	0.075880 	0.854940 	-0.513145
1711699296.539561	0.073767 	0.257245 	-0.142972 	0.031050 	0.515719 	0.856196 	0.064051 	0.853821 	-0.516611
1711699296.572948	0.090108 	0.255386 	-0.143719 	0.022234 	0.516501 	0.855999 	0.050078 	0.854561 	-0.516934
1711699296.606335	0.106530 	0.253339 	-0.144699 	0.014186 	0.516454 	0.856197 	0.040281 	0.855293 	-0.516576
1711699296.639724	0.123681 	0.251648 	-0.145068 	0.010067 	0.516949 	0.855956 	0.035777 	0.855265 	-0.516952
1711699296.673111	0.140627 	0.250860 	-0.145478 	0.009085 	0.520523 	0.853799 	0.025190 	0.853444 	-0.520575
1711699296.706469	0.156705 	0.250663 	-0.145395 	0.004480 	0.528364 	0.849006 	0.013367 	0.848907 	-0.528373
1711699296.739826	0.172503 	0.249971 	-0.144687 	-0.001240 	0.529137 	0.848536 	0.016665 	0.848430 	-0.529047
1711699296.773185	0.187542 	0.249096 	-0.143780 	-0.002717 	0.527963 	0.849264 	0.005361 	0.849263 	-0.527945
1711699296.806544	0.201884 	0.248081 	-0.142353 	-0.002355 	0.526187 	0.850366 	-0.007409 	0.850336 	-0.526189
1711699296.839903	0.215708 	0.247380 	-0.140867 	-0.001852 	0.521485 	0.853260 	-0.017931 	0.853107 	-0.521430
1711699296.873262	0.230558 	0.248196 	-0.138744 	0.006897 	0.520768 	0.853670 	-0.036420 	0.853255 	-0.520221
1711699296.906623	0.245206 	0.249934 	-0.137317 	0.014512 	0.518033 	0.855236 	-0.045488 	0.854783 	-0.516986
1711699296.939983	0.258537 	0.251519 	-0.135507 	0.015459 	0.511776 	0.858978 	-0.050300 	0.858391 	-0.510521
1711699296.973344	0.270799 	0.253066 	-0.133922 	0.015932 	0.507896 	0.861271 	-0.069040 	0.859883 	-0.505800
1711699297.006705	0.283402 	0.255311 	-0.131736 	0.020123 	0.504686 	0.863067 	-0.077512 	0.861431 	-0.501922
1711699297.040067	0.295705 	0.258414 	-0.130945 	0.027037 	0.502468 	0.864175 	-0.085992 	0.862455 	-0.498777
1711699297.073429	0.305574 	0.262295 	-0.130922 	0.027314 	0.501755 	0.864578 	-0.105625 	0.861507 	-0.496636
1711699297.106792	0.314274 	0.265947 	-0.130761 	0.023522 	0.496706 	0.867598 	-0.129162 	0.862075 	-0.490042
1711699297.140155	0.322263 	0.270113 	-0.130730 	0.017073 	0.489288 	0.871955 	-0.156669 	0.862619 	-0.480982
1711699297.173518	0.329965 	0.274934 	-0.131250 	0.007503 	0.484742 	0.874625 	-0.178952 	0.861181 	-0.475756
1711699297.206882	0.337205 	0.280728 	-0.131601 	0.002198 	0.481207 	0.876604 	-0.194893 	0.860002 	-0.471606
1711699297.240247	0.343901 	0.286968 	-0.131875 	0.001060 	0.479829 	0.877361 	-0.224851 	0.855009 	-0.467333
1711699297.273611	0.350333 	0.293731 	-0.131939 	-0.001763 	0.474875 	0.880053 	-0.242229 	0.853642 	-0.461109
1711699297.306976	0.356616 	0.301363 	-0.132083 	-0.005462 	0.473542 	0.880755 	-0.258724 	0.850109 	-0.458670
1711699297.340341	0.362449 	0.310029 	-0.132289 	-0.010528 	0.475286 	0.879769 	-0.275444 	0.844401 	-0.459476
1711699297.373708	0.368180 	0.319237 	-0.132893 	-0.014638 	0.475799 	0.879431 	-0.285311 	0.840972 	-0.459740
1711699297.407073	0.373690 	0.329427 	-0.133639 	-0.016283 	0.481914 	0.876069 	-0.294431 	0.835025 	-0.464808
1711699297.440441	0.378289 	0.340082 	-0.134744 	-0.019905 	0.492282 	0.870210 	-0.303292 	0.826395 	-0.474433
1711699297.473808	0.381797 	0.350271 	-0.135629 	-0.025880 	0.499879 	0.865709 	-0.315961 	0.817515 	-0.481496
1711699297.507175	0.384535 	0.359838 	-0.136144 	-0.037504 	0.503807 	0.863000 	-0.335174 	0.807238 	-0.485820
1711699297.540543	0.386996 	0.369140 	-0.137091 	-0.056150 	0.505055 	0.861260 	-0.347762 	0.798710 	-0.491047
1711699297.573912	0.389053 	0.378783 	-0.137518 	-0.074830 	0.508651 	0.857713 	-0.358660 	0.788836 	-0.499096
1711699297.607280	0.391024 	0.388607 	-0.137858 	-0.090109 	0.513546 	0.853316 	-0.372677 	0.777166 	-0.507071
1711699297.640650	0.393381 	0.398485 	-0.138941 	-0.103189 	0.517691 	0.849323 	-0.388827 	0.764941 	-0.513498
1711699297.674019	0.396245 	0.408585 	-0.140881 	-0.111941 	0.520773 	0.846323 	-0.400839 	0.755650 	-0.517996
1711699297.707386	0.399697 	0.419414 	-0.144633 	-0.112827 	0.527487 	0.842037 	-0.410511 	0.746993 	-0.522953
1711699297.740753	0.403598 	0.430716 	-0.150016 	-0.108400 	0.537605 	0.836201 	-0.414003 	0.740329 	-0.529637
1711699297.774121	0.407339 	0.441552 	-0.155774 	-0.105278 	0.547816 	0.829950 	-0.412481 	0.735352 	-0.537699
1711699297.807489	0.410937 	0.450929 	-0.161136 	-0.102997 	0.554785 	0.825593 	-0.412539 	0.731429 	-0.542975
1711699297.840858	0.414556 	0.458523 	-0.165661 	-0.101032 	0.554219 	0.826216 	-0.408238 	0.734235 	-0.542440
1711699297.874227	0.418062 	0.464943 	-0.169507 	-0.097849 	0.551570 	0.828371 	-0.401824 	0.739605 	-0.539930
1711699297.907598	0.421746 	0.471267 	-0.173582 	-0.093108 	0.553520 	0.827615 	-0.398964 	0.740833 	-0.540363
1711699297.940968	0.425070 	0.477711 	-0.178184 	-0.093616 	0.557199 	0.825086 	-0.392457 	0.740971 	-0.544923
1711699297.974339	0.427944 	0.484254 	-0.182997 	-0.099396 	0.561715 	0.821339 	-0.385754 	0.739123 	-0.552170
1711699298.007710	0.430417 	0.491201 	-0.188296 	-0.110939 	0.566875 	0.816302 	-0.379846 	0.734826 	-0.561917
1711699298.041083	0.433432 	0.498416 	-0.193235 	-0.127966 	0.566718 	0.813913 	-0.370287 	0.734016 	-0.569304
1711699298.074455	0.436552 	0.505584 	-0.198407 	-0.146205 	0.558524 	0.816502 	-0.358483 	0.739359 	-0.569946
1711699298.107829	0.439778 	0.513797 	-0.204411 	-0.158767 	0.554747 	0.816732 	-0.355098 	0.739786 	-0.571512
1711699298.141202	0.442760 	0.523424 	-0.212233 	-0.169282 	0.560577 	0.810616 	-0.359379 	0.730747 	-0.580393
1711699298.174577	0.445709 	0.533461 	-0.220677 	-0.181913 	0.568469 	0.802342 	-0.360362 	0.720647 	-0.592291
1711699298.207951	0.448736 	0.542605 	-0.228834 	-0.193848 	0.572790 	0.796453 	-0.364598 	0.711640 	-0.600533
1711699298.241327	0.452485 	0.551320 	-0.237074 	-0.208830 	0.574730 	0.791251 	-0.370784 	0.702150 	-0.607870
1711699298.274703	0.456968 	0.559435 	-0.245302 	-0.227812 	0.574923 	0.785854 	-0.374950 	0.693042 	-0.615717
1711699298.308080	0.462814 	0.566525 	-0.252394 	-0.242697 	0.570954 	0.784289 	-0.382875 	0.686455 	-0.618212
1711699298.341457	0.469468 	0.572933 	-0.258323 	-0.253069 	0.564875 	0.785411 	-0.395348 	0.680574 	-0.616861
1711699298.374835	0.477764 	0.579674 	-0.263245 	-0.258379 	0.561987 	0.785754 	-0.410371 	0.672487 	-0.615918
1711699298.408212	0.487386 	0.587068 	-0.267244 	-0.259148 	0.561434 	0.785898 	-0.424564 	0.664646 	-0.614812
1711699298.441592	0.497892 	0.594325 	-0.270465 	-0.254604 	0.558858 	0.789212 	-0.440727 	0.659368 	-0.609093
1711699298.474970	0.508809 	0.601317 	-0.273319 	-0.252724 	0.555299 	0.792321 	-0.456416 	0.653641 	-0.603686
1711699298.508351	0.519128 	0.607860 	-0.275602 	-0.258722 	0.549683 	0.794298 	-0.469034 	0.647362 	-0.600773
1711699298.541731	0.529249 	0.614137 	-0.277173 	-0.266289 	0.540103 	0.798360 	-0.480580 	0.643583 	-0.595688
1711699298.575112	0.538922 	0.619563 	-0.278736 	-0.274878 	0.525394 	0.805233 	-0.492952 	0.642034 	-0.587187
1711699298.608493	0.548055 	0.624717 	-0.281058 	-0.284243 	0.508791 	0.812611 	-0.507085 	0.639539 	-0.577800
1711699298.641876	0.556401 	0.630462 	-0.284061 	-0.294884 	0.498695 	0.815074 	-0.521235 	0.630965 	-0.574626
1711699298.675257	0.564108 	0.637250 	-0.287276 	-0.302926 	0.499230 	0.811793 	-0.536361 	0.614794 	-0.578228
1711699298.708602	0.571465 	0.644451 	-0.290461 	-0.303251 	0.504610 	0.808337 	-0.553028 	0.597612 	-0.580535
1711699298.741946	0.578196 	0.650956 	-0.293346 	-0.299153 	0.505765 	0.809141 	-0.573952 	0.582051 	-0.576019
1711699298.775291	0.584002 	0.657076 	-0.296133 	-0.297079 	0.504302 	0.810818 	-0.593955 	0.567280 	-0.570451
1711699298.808635	0.589622 	0.662983 	-0.298948 	-0.290735 	0.503821 	0.813409 	-0.608246 	0.558921 	-0.563597
1711699298.841980	0.595190 	0.667445 	-0.301367 	-0.281465 	0.498012 	0.820220 	-0.622263 	0.555954 	-0.551093
1711699298.875324	0.599913 	0.670925 	-0.303856 	-0.275928 	0.484291 	0.830255 	-0.636558 	0.555135 	-0.535366
1711699298.908669	0.604019 	0.673688 	-0.306026 	-0.275325 	0.466725 	0.840455 	-0.648806 	0.554910 	-0.520698
1711699298.942013	0.607743 	0.675904 	-0.307872 	-0.275526 	0.450821 	0.849027 	-0.660356 	0.553077 	-0.507974
1711699298.975358	0.611419 	0.678054 	-0.309145 	-0.273157 	0.438375 	0.856279 	-0.669712 	0.552329 	-0.496408
1711699299.008701	0.614402 	0.680436 	-0.310161 	-0.271840 	0.427708 	0.862074 	-0.678146 	0.550458 	-0.486945
1711699299.042046	0.616560 	0.682447 	-0.310875 	-0.275703 	0.415687 	0.866714 	-0.687772 	0.544602 	-0.479979
1711699299.075390	0.618288 	0.684971 	-0.311595 	-0.282318 	0.405965 	0.869190 	-0.696153 	0.536700 	-0.476787
1711699299.108734	0.620502 	0.688184 	-0.312638 	-0.286093 	0.400353 	0.870557 	-0.700451 	0.532575 	-0.475113
1711699299.142078	0.623013 	0.691425 	-0.313536 	-0.287373 	0.391984 	0.873938 	-0.706068 	0.529846 	-0.469823
1711699299.175423	0.625233 	0.694072 	-0.314309 	-0.293904 	0.379834 	0.877122 	-0.713911 	0.522948 	-0.465676
1711699299.208766	0.627490 	0.696946 	-0.314968 	-0.303292 	0.369261 	0.878441 	-0.718666 	0.516706 	-0.465330
1711699299.242111	0.630453 	0.700183 	-0.314754 	-0.305723 	0.357780 	0.882342 	-0.723481 	0.515145 	-0.459565
1711699299.275454	0.632911 	0.703506 	-0.315149 	-0.315300 	0.345776 	0.883756 	-0.727599 	0.509782 	-0.459044
1711699299.308799	0.635289 	0.706983 	-0.315407 	-0.331320 	0.336909 	0.881316 	-0.728743 	0.501924 	-0.465838
1711699299.342143	0.638386 	0.710584 	-0.314588 	-0.341782 	0.330832 	0.879623 	-0.731370 	0.494139 	-0.470026
1711699299.375487	0.642297 	0.714735 	-0.313337 	-0.346356 	0.330241 	0.878053 	-0.735839 	0.484924 	-0.472640
1711699299.408831	0.647272 	0.720122 	-0.312416 	-0.346980 	0.343214 	0.872816 	-0.738625 	0.473497 	-0.479825
1711699299.442175	0.653711 	0.726621 	-0.311765 	-0.339959 	0.369653 	0.864745 	-0.738120 	0.464911 	-0.488914
1711699299.475518	0.660383 	0.733100 	-0.311678 	-0.330762 	0.396245 	0.856497 	-0.737814 	0.457302 	-0.496493
1711699299.508863	0.665757 	0.739245 	-0.311427 	-0.329186 	0.415089 	0.848140 	-0.739908 	0.444656 	-0.504798
1711699299.542206	0.670202 	0.745153 	-0.310866 	-0.336651 	0.421045 	0.842252 	-0.742486 	0.431416 	-0.512441
1711699299.575551	0.674274 	0.751423 	-0.309510 	-0.346889 	0.420186 	0.838517 	-0.747172 	0.416599 	-0.517860
1711699299.608894	0.678782 	0.758477 	-0.307709 	-0.354190 	0.419034 	0.836038 	-0.753356 	0.401829 	-0.520565
1711699299.642238	0.683518 	0.765989 	-0.305379 	-0.359677 	0.414454 	0.835978 	-0.761719 	0.387030 	-0.519606
1711699299.675581	0.688940 	0.773854 	-0.302856 	-0.363614 	0.410970 	0.835996 	-0.771177 	0.370622 	-0.517617
1711699299.708927	0.694831 	0.781822 	-0.300364 	-0.368403 	0.409795 	0.834473 	-0.779706 	0.352640 	-0.517399
1711699299.742272	0.700862 	0.788989 	-0.297344 	-0.376821 	0.402747 	0.834146 	-0.786357 	0.336834 	-0.517865
1711699299.775617	0.707368 	0.795373 	-0.294011 	-0.384961 	0.393789 	0.834708 	-0.793292 	0.321046 	-0.517320
1711699299.808962	0.714117 	0.801500 	-0.291012 	-0.393176 	0.385594 	0.834703 	-0.798266 	0.307338 	-0.517988
1711699299.842307	0.720720 	0.807749 	-0.288563 	-0.403906 	0.378571 	0.832792 	-0.800307 	0.294750 	-0.522138
1711699299.875652	0.727046 	0.814097 	-0.285957 	-0.414692 	0.373100 	0.829955 	-0.802197 	0.280650 	-0.526986
1711699299.908997	0.733263 	0.820335 	-0.283039 	-0.423592 	0.366721 	0.828303 	-0.805084 	0.266728 	-0.529809
1711699299.942342	0.739760 	0.826031 	-0.279785 	-0.427719 	0.360142 	0.829071 	-0.809826 	0.254777 	-0.528465
1711699299.975687	0.746310 	0.831164 	-0.276335 	-0.427612 	0.353808 	0.831847 	-0.815396 	0.246281 	-0.523906
1711699300.009031	0.752245 	0.835779 	-0.272728 	-0.427466 	0.346055 	0.835176 	-0.820730 	0.238797 	-0.519017
1711699300.042377	0.757544 	0.840111 	-0.269160 	-0.426381 	0.339747 	0.838313 	-0.825205 	0.233457 	-0.514328
1711699300.075721	0.761925 	0.844314 	-0.265824 	-0.425639 	0.337133 	0.839746 	-0.829102 	0.226485 	-0.511171
1711699300.109066	0.765313 	0.848612 	-0.262843 	-0.427726 	0.339302 	0.837808 	-0.829982 	0.219691 	-0.512703
1711699300.142411	0.768209 	0.853033 	-0.259824 	-0.429408 	0.344285 	0.834911 	-0.829833 	0.214367 	-0.515193
1711699300.209100	0.773585 	0.861148 	-0.253689 	-0.428556 	0.350466 	0.832773 	-0.833401 	0.202663 	-0.514167
1711699300.242445	0.775418 	0.864311 	-0.250817 	-0.432100 	0.344569 	0.833404 	-0.834133 	0.198575 	-0.514578
1711699300.275790	0.776971 	0.867249 	-0.248423 	-0.437225 	0.336967 	0.833839 	-0.833763 	0.195707 	-0.516273
1711699300.309135	0.777660 	0.870800 	-0.246228 	-0.444621 	0.331193 	0.832242 	-0.831761 	0.192139 	-0.520827
1711699300.342479	0.778211 	0.875597 	-0.243711 	-0.449834 	0.330500 	0.829711 	-0.830215 	0.187725 	-0.524884
1711699300.375824	0.779013 	0.881109 	-0.241344 	-0.454373 	0.336400 	0.824853 	-0.827341 	0.183900 	-0.530744
1711699300.409169	0.779815 	0.886197 	-0.239963 	-0.462089 	0.342868 	0.817873 	-0.823308 	0.176908 	-0.539322
1711699300.442514	0.780427 	0.890794 	-0.239088 	-0.472757 	0.346268 	0.810307 	-0.819701 	0.164674 	-0.548607
1711699300.475858	0.781009 	0.895021 	-0.238295 	-0.484459 	0.345726 	0.803599 	-0.816271 	0.151743 	-0.557381
1711699300.509203	0.781648 	0.898545 	-0.237373 	-0.494324 	0.335185 	0.802055 	-0.815502 	0.140666 	-0.561397
1711699300.542547	0.782608 	0.902252 	-0.236412 	-0.499990 	0.320070 	0.804713 	-0.818384 	0.129336 	-0.559926
1711699300.575892	0.784300 	0.907162 	-0.235642 	-0.499972 	0.308291 	0.809312 	-0.824475 	0.116600 	-0.553756
1711699300.609236	0.786482 	0.913533 	-0.235521 	-0.496240 	0.302128 	0.813920 	-0.831772 	0.103217 	-0.545439
1711699300.642581	0.788902 	0.921130 	-0.236183 	-0.493109 	0.299168 	0.816911 	-0.837914 	0.089219 	-0.538461
1711699300.675925	0.791522 	0.929618 	-0.237282 	-0.491405 	0.296824 	0.818791 	-0.843188 	0.073264 	-0.532607
1711699300.709271	0.794580 	0.938791 	-0.238468 	-0.489920 	0.293489 	0.820878 	-0.847638 	0.059635 	-0.527212
1711699300.742616	0.798132 	0.948434 	-0.239497 	-0.488724 	0.287832 	0.823591 	-0.851768 	0.046858 	-0.521821
1711699300.775962	0.802189 	0.958765 	-0.239740 	-0.486983 	0.281466 	0.826815 	-0.856275 	0.032742 	-0.515480
1711699300.809307	0.806582 	0.969814 	-0.239319 	-0.486624 	0.276979 	0.828541 	-0.859913 	0.015433 	-0.510209
1711699300.842653	0.811449 	0.981152 	-0.237783 	-0.485315 	0.272873 	0.830667 	-0.863169 	0.001844 	-0.504909
1711699300.875997	0.816439 	0.991374 	-0.236033 	-0.483107 	0.262966 	0.835139 	-0.866930 	-0.010058 	-0.498330
1711699300.909343	0.821025 	1.001330 	-0.234544 	-0.482094 	0.249361 	0.839882 	-0.869987 	-0.023036 	-0.492534
1711699300.942688	0.825009 	1.011502 	-0.233434 	-0.481228 	0.238810 	0.843440 	-0.872552 	-0.038176 	-0.487030
1711699300.976034	0.828947 	1.021739 	-0.232362 	-0.481964 	0.231863 	0.844955 	-0.873743 	-0.055148 	-0.483251
1711699301.009378	0.832802 	1.031782 	-0.231485 	-0.484352 	0.225615 	0.845282 	-0.873593 	-0.072479 	-0.481230
1711699301.042724	0.837015 	1.041675 	-0.230788 	-0.485659 	0.221160 	0.845709 	-0.873620 	-0.089173 	-0.478369
1711699301.109414	0.845402 	1.059688 	-0.230727 	-0.484495 	0.207019 	0.849946 	-0.874775 	-0.121115 	-0.469148
1711699301.142759	0.849005 	1.067831 	-0.232064 	-0.486823 	0.196847 	0.851031 	-0.873166 	-0.136607 	-0.467886
1711699301.176105	0.852184 	1.076227 	-0.233930 	-0.489237 	0.193511 	0.850411 	-0.871275 	-0.152126 	-0.466623
1711699301.209450	0.855542 	1.084006 	-0.236188 	-0.488549 	0.193122 	0.850896 	-0.871021 	-0.165407 	-0.462563
1711699301.242795	0.858726 	1.091035 	-0.238288 	-0.486483 	0.191062 	0.852543 	-0.871568 	-0.174097 	-0.458323
1711699301.276140	0.861631 	1.097221 	-0.240406 	-0.484766 	0.188575 	0.854072 	-0.871961 	-0.180606 	-0.455042
1711699301.309485	0.864574 	1.103238 	-0.242527 	-0.482639 	0.188884 	0.855208 	-0.872714 	-0.185871 	-0.451466
1711699301.342830	0.866697 	1.109807 	-0.245003 	-0.481018 	0.194383 	0.854889 	-0.873465 	-0.190068 	-0.448252
1711699301.376175	0.867192 	1.116635 	-0.247862 	-0.483503 	0.200251 	0.852130 	-0.871928 	-0.196087 	-0.448656
1711699301.409520	0.866648 	1.123922 	-0.250719 	-0.488504 	0.206077 	0.847876 	-0.868954 	-0.203153 	-0.451271
1711699301.442865	0.865030 	1.131698 	-0.253526 	-0.491863 	0.214401 	0.843861 	-0.867012 	-0.209383 	-0.452158
1711699301.476210	0.863124 	1.138819 	-0.256317 	-0.495958 	0.217973 	0.840544 	-0.864434 	-0.215720 	-0.454113
1711699301.509555	0.860291 	1.145411 	-0.259154 	-0.503328 	0.216442 	0.836549 	-0.859751 	-0.222405 	-0.459745
1711699301.542900	0.857562 	1.151464 	-0.262353 	-0.512106 	0.214269 	0.831768 	-0.854453 	-0.225747 	-0.467919
1711699301.576245	0.854599 	1.157457 	-0.265497 	-0.518401 	0.209805 	0.829000 	-0.850591 	-0.226346 	-0.474617
1711699301.609590	0.850987 	1.163136 	-0.268786 	-0.521575 	0.205413 	0.828109 	-0.848546 	-0.226179 	-0.478342
1711699301.642935	0.847238 	1.168809 	-0.272006 	-0.523427 	0.201270 	0.827960 	-0.847245 	-0.226226 	-0.480627
1711699301.709624	0.839620 	1.179241 	-0.277624 	-0.522993 	0.183597 	0.832329 	-0.846655 	-0.224475 	-0.482481
1711699301.742968	0.835664 	1.183923 	-0.280901 	-0.526003 	0.170475 	0.833221 	-0.844112 	-0.224327 	-0.486981
1711699301.776313	0.831245 	1.188960 	-0.284033 	-0.533822 	0.160511 	0.830223 	-0.838848 	-0.224318 	-0.495999
1711699301.809657	0.827368 	1.194552 	-0.286421 	-0.541154 	0.154245 	0.826657 	-0.834086 	-0.223561 	-0.504304
1711699301.843001	0.823346 	1.199922 	-0.287662 	-0.547902 	0.149267 	0.823117 	-0.829755 	-0.222053 	-0.512052
1711699301.876345	0.818927 	1.205027 	-0.287939 	-0.552555 	0.147071 	0.820398 	-0.826622 	-0.222674 	-0.516829
1711699301.909690	0.815067 	1.210287 	-0.287703 	-0.554495 	0.142473 	0.819901 	-0.825143 	-0.222045 	-0.519457
1711699301.943033	0.811130 	1.215202 	-0.287558 	-0.555047 	0.132275 	0.821234 	-0.824357 	-0.219406 	-0.521818
1711699301.976378	0.807500 	1.219725 	-0.287388 	-0.555925 	0.118873 	0.822687 	-0.823064 	-0.217118 	-0.524806
1711699302.009722	0.803532 	1.224774 	-0.287136 	-0.557739 	0.105448 	0.823291 	-0.820843 	-0.217140 	-0.528269
1711699302.043067	0.799821 	1.230377 	-0.286963 	-0.557962 	0.092617 	0.824683 	-0.819679 	-0.216750 	-0.530234
1711699302.076410	0.796419 	1.236241 	-0.286725 	-0.555404 	0.078312 	0.827884 	-0.819840 	-0.218257 	-0.529362
1711699302.109754	0.792756 	1.242087 	-0.286549 	-0.552311 	0.059338 	0.831525 	-0.819607 	-0.220891 	-0.528634
1711699302.143098	0.789037 	1.248414 	-0.286758 	-0.549838 	0.039035 	0.834360 	-0.818394 	-0.224972 	-0.528792
1711699302.176442	0.785428 	1.255391 	-0.286472 	-0.546994 	0.023064 	0.836818 	-0.817372 	-0.230641 	-0.527925
1711699302.209786	0.782239 	1.263435 	-0.285908 	-0.542432 	0.010771 	0.840029 	-0.817427 	-0.237497 	-0.524790
1711699302.243130	0.779465 	1.271747 	-0.285281 	-0.533996 	-0.003198 	0.845481 	-0.819195 	-0.245483 	-0.518322
1711699302.276474	0.776805 	1.280272 	-0.284620 	-0.523246 	-0.019569 	0.851956 	-0.821270 	-0.255238 	-0.510262
1711699302.309818	0.773895 	1.289134 	-0.284756 	-0.514898 	-0.036016 	0.856495 	-0.820992 	-0.266790 	-0.504773
1711699302.343162	0.771106 	1.297717 	-0.285632 	-0.507206 	-0.055351 	0.860045 	-0.819136 	-0.279221 	-0.501050
1711699302.376506	0.768946 	1.306077 	-0.286185 	-0.499091 	-0.074585 	0.863334 	-0.816911 	-0.291860 	-0.497468
1711699302.409849	0.766803 	1.314401 	-0.286803 	-0.491462 	-0.092764 	0.865945 	-0.814017 	-0.304526 	-0.494613
1711699302.443194	0.765025 	1.322465 	-0.287250 	-0.483723 	-0.111376 	0.868105 	-0.810779 	-0.316526 	-0.492389
1711699302.476537	0.763612 	1.330391 	-0.287500 	-0.475895 	-0.128693 	0.870036 	-0.807394 	-0.328360 	-0.490201
1711699302.509881	0.762902 	1.338217 	-0.287909 	-0.465093 	-0.141941 	0.873809 	-0.806051 	-0.340212 	-0.484291
1711699302.543224	0.762413 	1.345763 	-0.288580 	-0.454576 	-0.152224 	0.877604 	-0.804504 	-0.352695 	-0.477888
1711699302.576569	0.760982 	1.353584 	-0.288910 	-0.446222 	-0.160373 	0.880434 	-0.802252 	-0.364288 	-0.472950
1711699302.609912	0.760180 	1.360768 	-0.289525 	-0.437380 	-0.167407 	0.883556 	-0.800448 	-0.375320 	-0.467350
1711699302.643256	0.759395 	1.367258 	-0.290233 	-0.426675 	-0.175453 	0.887224 	-0.797747 	-0.389161 	-0.460605
1711699302.676599	0.758706 	1.372955 	-0.290890 	-0.414230 	-0.185410 	0.891087 	-0.795360 	-0.402251 	-0.453428
1711699302.709945	0.757696 	1.378674 	-0.292110 	-0.404814 	-0.193198 	0.893756 	-0.791918 	-0.414592 	-0.448308
1711699302.743290	0.756664 	1.383963 	-0.293884 	-0.398680 	-0.199179 	0.895199 	-0.787378 	-0.426132 	-0.445473
1711699302.776636	0.755434 	1.388799 	-0.295953 	-0.395238 	-0.202511 	0.895978 	-0.781405 	-0.438648 	-0.443842
1711699302.809981	0.753749 	1.393332 	-0.298006 	-0.393901 	-0.203907 	0.896250 	-0.774079 	-0.452191 	-0.443086
1711699302.843327	0.752179 	1.397753 	-0.299550 	-0.390547 	-0.204917 	0.897486 	-0.767363 	-0.466101 	-0.440343
1711699302.876672	0.750185 	1.402134 	-0.300740 	-0.384439 	-0.204172 	0.900289 	-0.762373 	-0.479725 	-0.434340
1711699302.910017	0.747538 	1.406203 	-0.301752 	-0.379139 	-0.205058 	0.902332 	-0.755666 	-0.494190 	-0.429818
1711699302.943362	0.743992 	1.410038 	-0.302867 	-0.375807 	-0.208711 	0.902890 	-0.747252 	-0.507981 	-0.428452
1711699302.976708	0.739884 	1.413585 	-0.304338 	-0.373720 	-0.215475 	0.902165 	-0.739802 	-0.517444 	-0.430048
1711699303.010053	0.735628 	1.416618 	-0.305626 	-0.368065 	-0.223913 	0.902436 	-0.732559 	-0.527886 	-0.429759
1711699303.076744	0.725838 	1.422237 	-0.307687 	-0.353137 	-0.236988 	0.905058 	-0.721297 	-0.547135 	-0.424702
1711699303.110089	0.720277 	1.425580 	-0.308524 	-0.346405 	-0.237821 	0.907439 	-0.718887 	-0.554156 	-0.419661
1711699303.143434	0.713999 	1.429424 	-0.309432 	-0.340225 	-0.234214 	0.910708 	-0.716345 	-0.562852 	-0.412366
1711699303.176780	0.706831 	1.433604 	-0.309533 	-0.335641 	-0.225573 	0.914583 	-0.714007 	-0.572380 	-0.403205
1711699303.210124	0.699667 	1.437548 	-0.309718 	-0.332250 	-0.214910 	0.918381 	-0.711990 	-0.581471 	-0.393653
1711699303.243470	0.692190 	1.440529 	-0.309810 	-0.328047 	-0.207286 	0.921638 	-0.708973 	-0.590734 	-0.385214
1711699303.276815	0.684506 	1.442539 	-0.309478 	-0.320800 	-0.205827 	0.924512 	-0.703287 	-0.602038 	-0.378071
1711699303.310161	0.676247 	1.443705 	-0.309080 	-0.312448 	-0.210937 	0.926218 	-0.695134 	-0.613764 	-0.374273
1711699303.343505	0.667768 	1.444208 	-0.308325 	-0.304587 	-0.219645 	0.926813 	-0.685227 	-0.625335 	-0.373389
1711699303.376851	0.659194 	1.444089 	-0.307592 	-0.295462 	-0.229822 	0.927300 	-0.676233 	-0.635326 	-0.372926
1711699303.410196	0.650462 	1.444130 	-0.307099 	-0.287919 	-0.239696 	0.927172 	-0.666296 	-0.645273 	-0.373725
1711699303.443541	0.641655 	1.444697 	-0.306713 	-0.283542 	-0.246971 	0.926611 	-0.657445 	-0.653374 	-0.375322
1711699303.476886	0.633257 	1.445323 	-0.306133 	-0.276915 	-0.253941 	0.926731 	-0.650853 	-0.659945 	-0.375316
1711699303.510231	0.625219 	1.445970 	-0.305600 	-0.268843 	-0.262458 	0.926736 	-0.643819 	-0.666665 	-0.375574
1711699303.543576	0.617615 	1.446913 	-0.304896 	-0.262964 	-0.267661 	0.926935 	-0.637016 	-0.673395 	-0.375166
1711699303.576921	0.610680 	1.448155 	-0.303893 	-0.258869 	-0.271702 	0.926912 	-0.630890 	-0.679090 	-0.375256
1711699303.610266	0.604068 	1.448964 	-0.302714 	-0.256187 	-0.281477 	0.924738 	-0.622044 	-0.684252 	-0.380607
1711699303.643611	0.597835 	1.449289 	-0.300472 	-0.253952 	-0.293283 	0.921679 	-0.613997 	-0.687408 	-0.387912
1711699303.676956	0.591867 	1.450906 	-0.297517 	-0.253404 	-0.299739 	0.919751 	-0.610095 	-0.688329 	-0.392409
1711699303.710301	0.586598 	1.452880 	-0.293960 	-0.253517 	-0.303105 	0.918617 	-0.608459 	-0.688283 	-0.395026
1711699303.743645	0.581750 	1.454949 	-0.290489 	-0.252960 	-0.309343 	0.916688 	-0.606337 	-0.687647 	-0.399370
1711699303.776991	0.577305 	1.457631 	-0.287225 	-0.254596 	-0.311934 	0.915357 	-0.604011 	-0.687915 	-0.402426
1711699303.843680	0.570303 	1.463027 	-0.281215 	-0.253076 	-0.319078 	0.913313 	-0.595337 	-0.692769 	-0.406993
1711699303.877024	0.567638 	1.466044 	-0.278552 	-0.249907 	-0.323030 	0.912797 	-0.591484 	-0.695445 	-0.408048
1711699303.910369	0.564802 	1.469495 	-0.276283 	-0.249164 	-0.324097 	0.912621 	-0.584500 	-0.701038 	-0.408537
1711699303.943714	0.561793 	1.473121 	-0.274426 	-0.249960 	-0.326445 	0.911566 	-0.576146 	-0.706499 	-0.410991
1711699303.977059	0.558492 	1.477101 	-0.272803 	-0.252384 	-0.327925 	0.910366 	-0.567142 	-0.712149 	-0.413754
1711699304.010403	0.555109 	1.481752 	-0.271180 	-0.255466 	-0.327312 	0.909727 	-0.557791 	-0.718661 	-0.415204
1711699304.043748	0.551860 	1.486985 	-0.269542 	-0.255633 	-0.326689 	0.909904 	-0.549686 	-0.725124 	-0.414779
1711699304.077092	0.549036 	1.492880 	-0.268261 	-0.254102 	-0.325377 	0.910803 	-0.542480 	-0.731687 	-0.412733
1711699304.110437	0.545649 	1.499536 	-0.267609 	-0.253951 	-0.324004 	0.911335 	-0.537336 	-0.736183 	-0.411467
1711699304.143781	0.541827 	1.506696 	-0.267609 	-0.256554 	-0.323358 	0.910835 	-0.533099 	-0.738728 	-0.412416
1711699304.177126	0.537664 	1.514278 	-0.268209 	-0.261644 	-0.322555 	0.909670 	-0.529449 	-0.740072 	-0.414700
1711699304.210470	0.533254 	1.521997 	-0.268987 	-0.265283 	-0.320804 	0.909236 	-0.524153 	-0.743518 	-0.415264
1711699304.243815	0.528699 	1.529666 	-0.269801 	-0.266340 	-0.320564 	0.909011 	-0.520919 	-0.745616 	-0.415572
1711699304.277159	0.524582 	1.536773 	-0.270596 	-0.263829 	-0.322825 	0.908945 	-0.519035 	-0.746760 	-0.415880
1711699304.310504	0.521227 	1.543446 	-0.271339 	-0.258400 	-0.326170 	0.909310 	-0.519875 	-0.746403 	-0.415470
1711699304.343848	0.518127 	1.550267 	-0.271758 	-0.252172 	-0.325154 	0.911418 	-0.518304 	-0.749978 	-0.410962
1711699304.377193	0.514613 	1.557469 	-0.271475 	-0.248390 	-0.316534 	0.915482 	-0.515043 	-0.757275 	-0.401574
1711699304.410537	0.510483 	1.565019 	-0.271436 	-0.245061 	-0.303818 	0.920673 	-0.515119 	-0.763695 	-0.389128
1711699304.443881	0.506192 	1.572428 	-0.272515 	-0.241340 	-0.292539 	0.925298 	-0.514617 	-0.769797 	-0.377602
1711699304.477225	0.501636 	1.579378 	-0.274022 	-0.238174 	-0.285097 	0.928436 	-0.511894 	-0.775539 	-0.369464
1711699304.510570	0.496605 	1.585873 	-0.275200 	-0.236055 	-0.280511 	0.930371 	-0.507469 	-0.780915 	-0.364203
1711699304.543914	0.491746 	1.591977 	-0.275648 	-0.233429 	-0.275576 	0.932507 	-0.497805 	-0.789929 	-0.358055
1711699304.577259	0.486794 	1.597374 	-0.275679 	-0.230218 	-0.272427 	0.934228 	-0.487110 	-0.798829 	-0.352978
1711699304.610602	0.481690 	1.601809 	-0.275064 	-0.226426 	-0.274974 	0.934409 	-0.471081 	-0.808749 	-0.352147
1711699304.643947	0.476567 	1.606480 	-0.273836 	-0.219536 	-0.277473 	0.935315 	-0.456891 	-0.817831 	-0.349861
1711699304.677290	0.471946 	1.611219 	-0.272308 	-0.207266 	-0.281085 	0.937034 	-0.446588 	-0.825020 	-0.346266
1711699304.710635	0.466714 	1.615634 	-0.270637 	-0.195140 	-0.287299 	0.937752 	-0.438551 	-0.829663 	-0.345443
1711699304.743979	0.460365 	1.620045 	-0.268941 	-0.191913 	-0.291487 	0.937126 	-0.434353 	-0.831038 	-0.347440
1711699304.777324	0.453737 	1.624517 	-0.267032 	-0.192298 	-0.291894 	0.936920 	-0.433761 	-0.831128 	-0.347962
1711699304.810668	0.447440 	1.627996 	-0.264952 	-0.186490 	-0.295227 	0.937051 	-0.433659 	-0.831102 	-0.348154
1711699304.877356	0.435276 	1.632722 	-0.260898 	-0.163454 	-0.305995 	0.937897 	-0.426521 	-0.835324 	-0.346864
1711699304.910701	0.428822 	1.634452 	-0.259221 	-0.152059 	-0.310073 	0.938474 	-0.424026 	-0.837229 	-0.345326
1711699304.944044	0.421826 	1.635188 	-0.257692 	-0.143974 	-0.314676 	0.938216 	-0.418493 	-0.839779 	-0.345880
1711699304.977389	0.413810 	1.635081 	-0.256587 	-0.143288 	-0.319234 	0.936780 	-0.409589 	-0.842552 	-0.349772
1711699305.010733	0.405477 	1.634275 	-0.255407 	-0.144652 	-0.325401 	0.934447 	-0.400441 	-0.844336 	-0.356010
1711699305.044077	0.397375 	1.632615 	-0.253191 	-0.144793 	-0.331615 	0.932237 	-0.391276 	-0.846180 	-0.361774
1711699305.077421	0.389748 	1.632329 	-0.250404 	-0.143752 	-0.332069 	0.932237 	-0.385102 	-0.848997 	-0.361802
1711699305.110765	0.382762 	1.633172 	-0.247689 	-0.142193 	-0.327248 	0.934179 	-0.384792 	-0.851263 	-0.356771
1711699305.144109	0.375931 	1.634131 	-0.245486 	-0.143610 	-0.324889 	0.934786 	-0.384048 	-0.852254 	-0.355207
1711699305.177453	0.369811 	1.635034 	-0.243076 	-0.145773 	-0.323315 	0.934996 	-0.382488 	-0.853183 	-0.354659
1711699305.210796	0.364764 	1.635868 	-0.239825 	-0.144131 	-0.318648 	0.936851 	-0.381210 	-0.855787 	-0.349723
1711699305.244141	0.360060 	1.635866 	-0.236514 	-0.138097 	-0.317125 	0.938275 	-0.379488 	-0.858110 	-0.345882
1711699305.277484	0.354719 	1.635489 	-0.234072 	-0.133807 	-0.320468 	0.937761 	-0.381144 	-0.856844 	-0.347201
1711699305.310828	0.348785 	1.635296 	-0.232780 	-0.134842 	-0.321789 	0.937161 	-0.380728 	-0.856368 	-0.348829
1711699305.344172	0.342687 	1.635349 	-0.232057 	-0.139368 	-0.321215 	0.936694 	-0.383371 	-0.854657 	-0.350122
1711699305.377516	0.337878 	1.634745 	-0.231687 	-0.141096 	-0.319107 	0.937156 	-0.383097 	-0.855279 	-0.348904
1711699305.410859	0.334412 	1.633351 	-0.231133 	-0.135489 	-0.316455 	0.938882 	-0.369405 	-0.863157 	-0.344241
1711699305.444203	0.330641 	1.632686 	-0.229596 	-0.125338 	-0.309650 	0.942553 	-0.362473 	-0.870075 	-0.334039
1711699305.477546	0.325880 	1.631326 	-0.228177 	-0.119956 	-0.303621 	0.945212 	-0.356376 	-0.875461 	-0.326443
1711699305.510890	0.319871 	1.628662 	-0.228030 	-0.120476 	-0.307273 	0.943965 	-0.352045 	-0.875866 	-0.330037
1711699305.544234	0.313019 	1.625006 	-0.229374 	-0.123848 	-0.316860 	0.940352 	-0.344270 	-0.875066 	-0.340204
1711699305.610921	0.298715 	1.618176 	-0.233613 	-0.120264 	-0.342180 	0.931906 	-0.324802 	-0.873493 	-0.362647
1711699305.644265	0.291206 	1.616026 	-0.235244 	-0.118068 	-0.349202 	0.929579 	-0.311376 	-0.875894 	-0.368583
1711699305.677608	0.282742 	1.615276 	-0.235780 	-0.116026 	-0.348760 	0.930002 	-0.300105 	-0.880254 	-0.367544
1711699305.710950	0.273638 	1.615271 	-0.235973 	-0.113461 	-0.344972 	0.931731 	-0.289526 	-0.885606 	-0.363152
1711699305.744291	0.263945 	1.615298 	-0.235700 	-0.109440 	-0.342834 	0.932999 	-0.280138 	-0.889950 	-0.359874
1711699305.777633	0.254062 	1.615462 	-0.234683 	-0.101458 	-0.340552 	0.934735 	-0.272833 	-0.894034 	-0.355335
1711699305.810975	0.243835 	1.616069 	-0.232945 	-0.090356 	-0.336345 	0.937394 	-0.265471 	-0.899054 	-0.348176
1711699305.844317	0.232963 	1.616312 	-0.230905 	-0.078083 	-0.334871 	0.939023 	-0.258603 	-0.902855 	-0.343475
1711699305.877658	0.221727 	1.616448 	-0.228991 	-0.065614 	-0.334720 	0.940030 	-0.257638 	-0.904435 	-0.340027
1711699305.911000	0.210601 	1.616454 	-0.227786 	-0.055288 	-0.335322 	0.940480 	-0.249896 	-0.907295 	-0.338179
1711699305.944341	0.199733 	1.616141 	-0.227057 	-0.047709 	-0.339130 	0.939529 	-0.244026 	-0.908141 	-0.340191
1711699305.977683	0.189924 	1.615596 	-0.226754 	-0.040111 	-0.344725 	0.937846 	-0.234214 	-0.909208 	-0.344216
1711699306.011024	0.180348 	1.614643 	-0.226262 	-0.036598 	-0.348278 	0.936676 	-0.222887 	-0.910849 	-0.347383
1711699306.044366	0.170671 	1.613393 	-0.225885 	-0.036137 	-0.349909 	0.936086 	-0.214775 	-0.912091 	-0.349231
1711699306.077707	0.161825 	1.611987 	-0.226174 	-0.038493 	-0.351784 	0.935289 	-0.208868 	-0.912475 	-0.351799
1711699306.111049	0.153858 	1.609741 	-0.226834 	-0.042272 	-0.353623 	0.934432 	-0.200903 	-0.913156 	-0.354658
1711699306.144389	0.147345 	1.606825 	-0.228077 	-0.044279 	-0.358306 	0.932554 	-0.189207 	-0.913567 	-0.359994
1711699306.177731	0.141964 	1.602911 	-0.229812 	-0.045767 	-0.365564 	0.929661 	-0.169240 	-0.914346 	-0.367874
1711699306.211071	0.136584 	1.598333 	-0.231854 	-0.050844 	-0.374126 	0.925983 	-0.139207 	-0.915476 	-0.377526
1711699306.244413	0.129978 	1.593455 	-0.232887 	-0.053450 	-0.384422 	0.921609 	-0.118978 	-0.913902 	-0.388108
1711699306.277753	0.122703 	1.588963 	-0.232698 	-0.052633 	-0.389513 	0.919516 	-0.104812 	-0.913552 	-0.392987
1711699306.311095	0.114929 	1.584917 	-0.231914 	-0.047893 	-0.390486 	0.919362 	-0.096073 	-0.914350 	-0.393362
1711699306.344435	0.107417 	1.580563 	-0.231546 	-0.037934 	-0.392900 	0.918799 	-0.094789 	-0.913900 	-0.394720
1711699306.377777	0.101216 	1.575658 	-0.232352 	-0.025239 	-0.399876 	0.916221 	-0.089363 	-0.911942 	-0.400468
1711699306.411117	0.096869 	1.570575 	-0.233834 	-0.010048 	-0.410830 	0.911656 	-0.072981 	-0.908969 	-0.410421
1711699306.444458	0.093458 	1.566343 	-0.235437 	0.010885 	-0.419812 	0.907546 	-0.053495 	-0.906544 	-0.418707
1711699306.477798	0.090522 	1.562572 	-0.236272 	0.033123 	-0.424949 	0.904611 	-0.043147 	-0.904872 	-0.423490
1711699306.511139	0.087464 	1.558966 	-0.236212 	0.045562 	-0.429595 	0.901872 	-0.030668 	-0.902985 	-0.428575
1711699306.544480	0.084248 	1.555405 	-0.235149 	0.048015 	-0.433358 	0.899941 	-0.012965 	-0.901175 	-0.433258
1711699306.577821	0.080658 	1.552055 	-0.233228 	0.052591 	-0.432730 	0.899988 	-0.000265 	-0.901241 	-0.433317
1711699306.611161	0.077975 	1.548366 	-0.230406 	0.063884 	-0.428193 	0.901427 	0.005426 	-0.903109 	-0.429378
1711699306.644501	0.075683 	1.544242 	-0.227786 	0.075443 	-0.424406 	0.902323 	0.014835 	-0.904324 	-0.426586
1711699306.677841	0.074109 	1.539293 	-0.225721 	0.085318 	-0.423093 	0.902061 	0.029182 	-0.903913 	-0.426722
1711699306.711224	0.072664 	1.534375 	-0.224176 	0.095172 	-0.420571 	0.902254 	0.047613 	-0.903407 	-0.426131
1711699306.744607	0.071117 	1.529474 	-0.223624 	0.106904 	-0.417988 	0.902141 	0.059581 	-0.903017 	-0.425456
1711699306.777991	0.070336 	1.524470 	-0.223318 	0.115991 	-0.417400 	0.901290 	0.076739 	-0.900937 	-0.427113
1711699306.811374	0.069651 	1.519939 	-0.222855 	0.122696 	-0.412867 	0.902489 	0.097369 	-0.899965 	-0.424950
1711699306.844759	0.068032 	1.516070 	-0.222843 	0.129438 	-0.405515 	0.904878 	0.113857 	-0.900441 	-0.419813
1711699306.878143	0.065749 	1.512186 	-0.223335 	0.134191 	-0.399840 	0.906708 	0.131927 	-0.899631 	-0.416244
1711699306.911529	0.061914 	1.508329 	-0.224262 	0.137843 	-0.397105 	0.907363 	0.147200 	-0.897720 	-0.415246
1711699306.944914	0.058479 	1.504186 	-0.225207 	0.140382 	-0.396892 	0.907066 	0.160812 	-0.894834 	-0.416427
1711699306.978301	0.054206 	1.500403 	-0.225606 	0.145492 	-0.395617 	0.906818 	0.168994 	-0.893163 	-0.416773
1711699307.011688	0.049305 	1.497813 	-0.225281 	0.151850 	-0.390930 	0.907808 	0.172962 	-0.893777 	-0.413818
1711699307.045075	0.043579 	1.495852 	-0.224598 	0.156466 	-0.383896 	0.910024 	0.173029 	-0.896469 	-0.407930
1711699307.078463	0.037418 	1.494668 	-0.223722 	0.157753 	-0.379746 	0.911541 	0.169852 	-0.898907 	-0.403877
1711699307.111851	0.031335 	1.493534 	-0.223108 	0.158500 	-0.381023 	0.910878 	0.167991 	-0.898682 	-0.405152
1711699307.145240	0.025756 	1.493147 	-0.222469 	0.168640 	-0.384442 	0.907615 	0.155291 	-0.898941 	-0.409621
1711699307.178629	0.021081 	1.493888 	-0.221940 	0.183162 	-0.387012 	0.903700 	0.142165 	-0.899161 	-0.413883
1711699307.212018	0.017412 	1.495666 	-0.221720 	0.195655 	-0.388349 	0.900502 	0.142953 	-0.897147 	-0.417962
1711699307.245409	0.014612 	1.498214 	-0.221918 	0.210604 	-0.388003 	0.897274 	0.144316 	-0.895463 	-0.421094
1711699307.278800	0.012135 	1.499536 	-0.222799 	0.225161 	-0.391674 	0.892130 	0.155109 	-0.889555 	-0.429692
1711699307.312191	0.009938 	1.500234 	-0.224369 	0.235567 	-0.402763 	0.884472 	0.167535 	-0.879630 	-0.445180
1711699307.345582	0.007328 	1.499880 	-0.225368 	0.238517 	-0.420023 	0.875609 	0.176801 	-0.867783 	-0.464431
1711699307.378975	0.004981 	1.499451 	-0.225433 	0.238126 	-0.436110 	0.867815 	0.181293 	-0.857854 	-0.480850
1711699307.412367	0.002192 	1.498294 	-0.224987 	0.235294 	-0.447429 	0.862811 	0.187656 	-0.850117 	-0.492021
1711699307.445761	-0.000041 	1.497074 	-0.224986 	0.231003 	-0.460663 	0.856987 	0.193883 	-0.841349 	-0.504518
1711699307.479154	-0.001609 	1.495108 	-0.226002 	0.224746 	-0.480178 	0.847891 	0.198367 	-0.829384 	-0.522277
1711699307.512549	-0.002382 	1.492668 	-0.227541 	0.215136 	-0.504451 	0.836210 	0.208336 	-0.812842 	-0.543954
1711699307.545943	-0.002566 	1.490315 	-0.228986 	0.202847 	-0.528015 	0.824654 	0.220770 	-0.795818 	-0.563857
1711699307.579338	-0.002596 	1.487752 	-0.229256 	0.195465 	-0.544053 	0.815965 	0.228112 	-0.783973 	-0.577366
1711699307.646130	-0.001263 	1.483897 	-0.226635 	0.200285 	-0.548232 	0.811990 	0.233026 	-0.778343 	-0.582992
1711699307.679525	-0.001330 	1.482142 	-0.224492 	0.205508 	-0.546920 	0.811570 	0.227989 	-0.779698 	-0.583175
1711699307.712873	-0.001863 	1.479994 	-0.223284 	0.204946 	-0.552523 	0.807908 	0.221979 	-0.777683 	-0.588163
1711699307.746220	-0.002502 	1.477113 	-0.223444 	0.200581 	-0.567032 	0.798901 	0.216915 	-0.769528 	-0.600645
1711699307.779569	-0.003347 	1.474085 	-0.224164 	0.195232 	-0.584702 	0.787406 	0.210647 	-0.759120 	-0.615926
1711699307.812916	-0.004207 	1.471721 	-0.224520 	0.189116 	-0.597630 	0.779149 	0.204711 	-0.752038 	-0.626523
1711699307.846264	-0.004658 	1.470190 	-0.223910 	0.186613 	-0.602799 	0.775764 	0.197146 	-0.750596 	-0.630666
1711699307.879611	-0.004587 	1.469281 	-0.222273 	0.188871 	-0.601879 	0.775932 	0.186619 	-0.753755 	-0.630101
1711699307.912959	-0.004536 	1.468469 	-0.220507 	0.192611 	-0.599813 	0.776611 	0.177575 	-0.757058 	-0.628751
1711699307.946306	-0.003697 	1.467830 	-0.218602 	0.197767 	-0.596382 	0.777957 	0.173688 	-0.759755 	-0.626581
1711699307.979654	-0.002036 	1.467339 	-0.216333 	0.207914 	-0.587528 	0.782037 	0.174581 	-0.764381 	-0.620676
1711699308.013001	-0.000635 	1.467016 	-0.214098 	0.225570 	-0.570645 	0.789609 	0.173784 	-0.773930 	-0.608960
1711699308.046349	0.000649 	1.466972 	-0.212416 	0.246395 	-0.549977 	0.798007 	0.168529 	-0.786534 	-0.594107
1711699308.079696	0.001293 	1.466618 	-0.211978 	0.263115 	-0.536762 	0.801659 	0.164304 	-0.793868 	-0.585474
1711699308.113045	0.001306 	1.465914 	-0.212724 	0.273583 	-0.532901 	0.800730 	0.160970 	-0.795383 	-0.584342
1711699308.146392	0.000662 	1.465182 	-0.214344 	0.281855 	-0.530513 	0.799445 	0.156595 	-0.796618 	-0.583845
1711699308.179739	-0.000850 	1.464665 	-0.216321 	0.288495 	-0.528476 	0.798426 	0.149757 	-0.798713 	-0.582776
1711699308.213087	-0.003342 	1.464305 	-0.218405 	0.290400 	-0.530734 	0.796234 	0.142188 	-0.798923 	-0.584384
1711699308.246435	-0.007023 	1.464110 	-0.220865 	0.286543 	-0.535730 	0.794284 	0.134725 	-0.798278 	-0.587027
1711699308.279782	-0.011164 	1.464043 	-0.223861 	0.281488 	-0.543577 	0.790752 	0.127066 	-0.795701 	-0.592212
1711699308.313130	-0.015761 	1.464083 	-0.227078 	0.275881 	-0.552976 	0.786197 	0.121129 	-0.791418 	-0.599152
1711699308.346477	-0.020679 	1.464793 	-0.230216 	0.269720 	-0.558371 	0.784521 	0.116548 	-0.789796 	-0.602196
1711699308.379825	-0.025649 	1.466166 	-0.233969 	0.265639 	-0.558821 	0.785592 	0.114964 	-0.790692 	-0.601323
1711699308.413172	-0.029897 	1.467399 	-0.238672 	0.265908 	-0.558264 	0.785898 	0.115655 	-0.790885 	-0.600941
1711699308.446520	-0.034232 	1.468135 	-0.243605 	0.265847 	-0.557741 	0.786289 	0.120226 	-0.790089 	-0.601084
1711699308.479867	-0.038986 	1.468663 	-0.248649 	0.264087 	-0.556737 	0.787593 	0.124620 	-0.790041 	-0.600255
1711699308.513215	-0.043386 	1.468761 	-0.254213 	0.262175 	-0.560002 	0.785915 	0.127599 	-0.787136 	-0.603438
1711699308.546561	-0.048186 	1.468701 	-0.259381 	0.258675 	-0.565396 	0.783208 	0.130521 	-0.782910 	-0.608290
1711699308.579910	-0.053436 	1.469136 	-0.264191 	0.255571 	-0.568009 	0.782335 	0.131067 	-0.781382 	-0.610131
1711699308.613257	-0.058321 	1.469688 	-0.269061 	0.255955 	-0.571605 	0.779586 	0.131320 	-0.778414 	-0.613861
1711699308.646605	-0.062935 	1.470437 	-0.273474 	0.259211 	-0.572779 	0.777646 	0.133955 	-0.776064 	-0.616264
1711699308.679951	-0.067113 	1.471398 	-0.277407 	0.265984 	-0.570362 	0.777136 	0.137431 	-0.775505 	-0.616204
1711699308.713300	-0.070641 	1.472004 	-0.281254 	0.275098 	-0.568279 	0.775487 	0.141349 	-0.773937 	-0.617285
1711699308.746646	-0.073864 	1.472282 	-0.284999 	0.282607 	-0.567340 	0.773472 	0.146102 	-0.771476 	-0.619256
1711699308.779995	-0.076946 	1.472526 	-0.288294 	0.287779 	-0.564776 	0.773441 	0.150883 	-0.770782 	-0.618974
1711699308.813342	-0.079645 	1.472624 	-0.290995 	0.294277 	-0.560251 	0.774286 	0.153819 	-0.771833 	-0.616936
1711699308.846689	-0.081926 	1.472725 	-0.293310 	0.300734 	-0.554818 	0.775717 	0.156893 	-0.773506 	-0.614064
1711699308.880037	-0.084366 	1.472879 	-0.295417 	0.304087 	-0.548797 	0.778687 	0.161329 	-0.775923 	-0.609851
1711699308.913384	-0.086478 	1.472879 	-0.297440 	0.305653 	-0.542403 	0.782544 	0.165659 	-0.779047 	-0.604683
1711699308.946731	-0.088578 	1.472933 	-0.299509 	0.306150 	-0.535390 	0.787166 	0.171581 	-0.782296 	-0.598811
1711699308.980080	-0.090503 	1.472800 	-0.301609 	0.304906 	-0.528737 	0.792130 	0.178601 	-0.785234 	-0.592881
1711699309.046774	-0.093705 	1.472352 	-0.305409 	0.304666 	-0.510997 	0.803779 	0.192266 	-0.793530 	-0.577360
1711699309.080122	-0.095199 	1.472098 	-0.307507 	0.307341 	-0.499506 	0.809959 	0.199486 	-0.798424 	-0.568086
1711699309.113470	-0.096624 	1.471657 	-0.309817 	0.310765 	-0.487819 	0.815756 	0.206700 	-0.803026 	-0.558950
1711699309.146816	-0.097986 	1.471143 	-0.312213 	0.314698 	-0.474834 	0.821886 	0.216256 	-0.807241 	-0.549177
1711699309.180164	-0.099090 	1.470214 	-0.314595 	0.320155 	-0.462716 	0.826677 	0.226185 	-0.810037 	-0.541001
1711699309.213511	-0.100130 	1.468879 	-0.316695 	0.324724 	-0.451169 	0.831265 	0.237504 	-0.811835 	-0.533403
1711699309.246859	-0.101376 	1.467472 	-0.318453 	0.330564 	-0.437934 	0.836028 	0.246719 	-0.814924 	-0.524433
1711699309.280206	-0.102599 	1.465773 	-0.319913 	0.337318 	-0.425581 	0.839701 	0.256725 	-0.816584 	-0.516994
1711699309.313554	-0.104096 	1.463753 	-0.321185 	0.342302 	-0.414078 	0.843427 	0.268904 	-0.816934 	-0.510206
1711699309.346901	-0.105824 	1.461658 	-0.322660 	0.346881 	-0.403501 	0.846676 	0.281565 	-0.816288 	-0.504375
1711699309.380249	-0.107524 	1.459480 	-0.324797 	0.353592 	-0.394764 	0.848018 	0.294432 	-0.813530 	-0.501479
1711699309.413596	-0.109226 	1.457072 	-0.327105 	0.362413 	-0.386848 	0.847941 	0.305019 	-0.810461 	-0.500114
1711699309.446944	-0.111159 	1.454752 	-0.329755 	0.372231 	-0.379338 	0.847082 	0.312197 	-0.808312 	-0.499166
1711699309.480291	-0.113282 	1.452244 	-0.332599 	0.381098 	-0.374515 	0.845283 	0.317780 	-0.805513 	-0.500168
1711699309.513639	-0.115387 	1.449521 	-0.335125 	0.387443 	-0.371739 	0.843622 	0.322525 	-0.802610 	-0.501791
1711699309.546986	-0.117776 	1.447238 	-0.337362 	0.391834 	-0.368379 	0.843067 	0.326634 	-0.800950 	-0.501786
1711699309.580333	-0.120243 	1.445343 	-0.339386 	0.395408 	-0.363127 	0.843677 	0.330671 	-0.800666 	-0.499591
1711699309.613680	-0.122344 	1.443465 	-0.341514 	0.400540 	-0.356643 	0.844022 	0.333082 	-0.801451 	-0.496724
1711699309.647028	-0.124453 	1.441678 	-0.344281 	0.407571 	-0.352509 	0.842392 	0.333762 	-0.801159 	-0.496737
1711699309.680375	-0.126607 	1.439668 	-0.347306 	0.413264 	-0.353022 	0.839398 	0.333756 	-0.798928 	-0.500323
1711699309.713723	-0.129032 	1.437606 	-0.350068 	0.416313 	-0.354723 	0.837172 	0.334529 	-0.796410 	-0.503809
1711699309.747071	-0.131589 	1.435887 	-0.352795 	0.419279 	-0.354970 	0.835585 	0.335432 	-0.794694 	-0.505912
1711699309.780419	-0.133672 	1.434045 	-0.355512 	0.424322 	-0.356029 	0.832583 	0.335942 	-0.791948 	-0.509865
1711699309.813766	-0.135576 	1.432373 	-0.358162 	0.429541 	-0.357198 	0.829400 	0.336575 	-0.788945 	-0.514085
1711699309.847114	-0.137614 	1.430827 	-0.360288 	0.432990 	-0.356248 	0.828013 	0.338373 	-0.787171 	-0.515620
1711699309.880461	-0.139704 	1.429490 	-0.362463 	0.436541 	-0.353679 	0.827250 	0.338600 	-0.787299 	-0.515278
1711699309.913809	-0.141958 	1.428086 	-0.365074 	0.441363 	-0.353266 	0.824865 	0.336876 	-0.786774 	-0.517208
1711699309.947156	-0.144443 	1.426657 	-0.367864 	0.444253 	-0.354342 	0.822849 	0.336099 	-0.785460 	-0.519700
1711699309.980505	-0.147468 	1.425346 	-0.370587 	0.445669 	-0.354410 	0.822053 	0.335491 	-0.785242 	-0.520422
1711699310.013852	-0.150651 	1.424142 	-0.373589 	0.446719 	-0.355022 	0.821219 	0.334410 	-0.785108 	-0.521318
1711699310.047200	-0.153636 	1.422905 	-0.376855 	0.447438 	-0.356748 	0.820079 	0.334028 	-0.783964 	-0.523284
1711699310.080547	-0.156676 	1.421726 	-0.380003 	0.447572 	-0.357890 	0.819507 	0.334680 	-0.782780 	-0.524634
1711699310.147242	-0.162746 	1.419440 	-0.385740 	0.447076 	-0.356695 	0.820300 	0.336821 	-0.782424 	-0.523798
1711699310.180590	-0.165664 	1.418226 	-0.387993 	0.444491 	-0.354704 	0.822565 	0.339309 	-0.783170 	-0.521070
1711699310.213937	-0.168581 	1.417000 	-0.389886 	0.439493 	-0.351531 	0.826602 	0.344494 	-0.783909 	-0.516535
1711699310.247285	-0.171285 	1.415594 	-0.391433 	0.434128 	-0.346827 	0.831410 	0.351560 	-0.784509 	-0.510831
1711699310.280632	-0.173516 	1.413745 	-0.392710 	0.430291 	-0.341807 	0.835474 	0.357893 	-0.785088 	-0.505516
1711699310.313981	-0.175515 	1.411487 	-0.393727 	0.426273 	-0.337621 	0.839228 	0.364341 	-0.785083 	-0.500900
1711699310.347328	-0.177524 	1.408885 	-0.394328 	0.421097 	-0.333398 	0.843519 	0.371595 	-0.784949 	-0.495755
1711699310.380676	-0.179430 	1.406138 	-0.394841 	0.416117 	-0.328070 	0.848066 	0.378556 	-0.785482 	-0.489603
1711699310.414023	-0.181280 	1.402956 	-0.395206 	0.411554 	-0.323730 	0.851952 	0.384822 	-0.785646 	-0.484431
1711699310.447371	-0.182965 	1.399492 	-0.395205 	0.406851 	-0.320568 	0.855399 	0.389765 	-0.785970 	-0.479931
1711699310.480718	-0.184715 	1.396053 	-0.394964 	0.402618 	-0.315732 	0.859193 	0.393582 	-0.787725 	-0.473901
1711699310.514066	-0.186247 	1.392610 	-0.394638 	0.399832 	-0.309314 	0.862821 	0.397460 	-0.789724 	-0.467294
1711699310.547413	-0.187578 	1.388984 	-0.394310 	0.397874 	-0.303370 	0.865832 	0.401842 	-0.790778 	-0.461732
1711699310.580761	-0.189075 	1.385087 	-0.393944 	0.395230 	-0.299612 	0.868346 	0.405347 	-0.791410 	-0.457559
1711699310.614108	-0.190514 	1.380919 	-0.393360 	0.391544 	-0.297033 	0.870899 	0.408416 	-0.792027 	-0.453752
1711699310.647456	-0.191980 	1.376694 	-0.392680 	0.387865 	-0.294289 	0.873472 	0.411548 	-0.792654 	-0.449807
1711699310.680803	-0.193247 	1.372516 	-0.392035 	0.384938 	-0.291627 	0.875658 	0.416259 	-0.791935 	-0.446731
1711699310.714152	-0.194255 	1.368504 	-0.391307 	0.381749 	-0.287897 	0.878284 	0.423497 	-0.790145 	-0.443079
1711699310.747500	-0.195097 	1.364739 	-0.390646 	0.379887 	-0.282895 	0.880713 	0.431428 	-0.788013 	-0.439210
1711699310.780849	-0.195541 	1.360994 	-0.390234 	0.379354 	-0.277989 	0.882504 	0.440092 	-0.784785 	-0.436386
1711699310.814197	-0.195875 	1.357291 	-0.390161 	0.380222 	-0.273576 	0.883509 	0.448921 	-0.780595 	-0.434904
1711699310.847546	-0.196235 	1.353887 	-0.390279 	0.382555 	-0.268191 	0.884153 	0.458549 	-0.775661 	-0.433688
1711699310.880894	-0.196930 	1.350769 	-0.390534 	0.387367 	-0.259283 	0.884714 	0.467429 	-0.771912 	-0.430885
1711699310.914243	-0.197717 	1.347635 	-0.390896 	0.392481 	-0.249026 	0.885406 	0.476265 	-0.768514 	-0.427268
1711699310.947591	-0.198908 	1.344047 	-0.391515 	0.397077 	-0.241677 	0.885393 	0.483467 	-0.764924 	-0.425617
1711699311.014288	-0.201768 	1.336316 	-0.393408 	0.409616 	-0.230023 	0.882781 	0.491537 	-0.759554 	-0.425988
1711699311.047637	-0.203522 	1.332368 	-0.394458 	0.416920 	-0.223516 	0.881033 	0.493278 	-0.758500 	-0.425857
1711699311.080985	-0.205381 	1.328076 	-0.395089 	0.422570 	-0.220393 	0.879126 	0.492581 	-0.758373 	-0.426890
1711699311.114334	-0.207679 	1.324092 	-0.395372 	0.426677 	-0.219537 	0.877354 	0.491644 	-0.757930 	-0.428752
1711699311.147682	-0.210182 	1.320544 	-0.394952 	0.429461 	-0.218853 	0.876167 	0.491705 	-0.757111 	-0.430130
1711699311.181031	-0.212395 	1.317670 	-0.393967 	0.432892 	-0.217857 	0.874725 	0.491084 	-0.756732 	-0.431503
1711699311.214379	-0.214235 	1.315591 	-0.392348 	0.436087 	-0.216705 	0.873423 	0.493080 	-0.754372 	-0.433355
1711699311.247728	-0.215616 	1.314327 	-0.389923 	0.438033 	-0.214795 	0.872920 	0.497942 	-0.750487 	-0.434536
1711699311.281076	-0.216350 	1.313949 	-0.386917 	0.439008 	-0.212142 	0.873080 	0.505214 	-0.745271 	-0.435123
1711699311.314425	-0.216318 	1.314363 	-0.383584 	0.439495 	-0.208928 	0.873609 	0.516182 	-0.737205 	-0.435988
1711699311.347773	-0.215399 	1.315199 	-0.380224 	0.441624 	-0.204782 	0.873518 	0.528421 	-0.727458 	-0.437694
1711699311.381122	-0.214104 	1.315884 	-0.376767 	0.446068 	-0.201587 	0.872002 	0.539353 	-0.716969 	-0.441652
1711699311.414470	-0.213270 	1.316808 	-0.372311 	0.447501 	-0.196127 	0.872513 	0.546946 	-0.711881 	-0.440543
1711699311.447819	-0.213115 	1.317767 	-0.367413 	0.444709 	-0.187939 	0.875736 	0.554323 	-0.710243 	-0.433916
1711699311.481168	-0.212742 	1.318386 	-0.362975 	0.443384 	-0.182862 	0.877480 	0.559923 	-0.707948 	-0.430457
1711699311.514516	-0.212016 	1.318611 	-0.358934 	0.444092 	-0.181977 	0.877306 	0.563940 	-0.704105 	-0.431516
1711699311.547864	-0.211828 	1.318817 	-0.354794 	0.441780 	-0.182279 	0.878411 	0.568089 	-0.700977 	-0.431170
1711699311.581214	-0.211831 	1.319148 	-0.350896 	0.436568 	-0.185059 	0.880432 	0.572450 	-0.697816 	-0.430528
1711699311.614562	-0.211510 	1.319606 	-0.347537 	0.433295 	-0.189194 	0.881171 	0.575686 	-0.694160 	-0.432122
1711699311.647911	-0.210938 	1.320549 	-0.344406 	0.432209 	-0.191750 	0.881152 	0.577817 	-0.691300 	-0.433860
1711699311.681258	-0.210116 	1.322089 	-0.341278 	0.431461 	-0.192716 	0.881308 	0.580897 	-0.688086 	-0.434854
1711699311.714607	-0.208944 	1.324028 	-0.338490 	0.431619 	-0.193403 	0.881079 	0.583886 	-0.684623 	-0.436310
1711699311.747955	-0.207683 	1.326100 	-0.335921 	0.432373 	-0.194997 	0.880357 	0.587192 	-0.680050 	-0.439017
1711699311.781303	-0.206191 	1.328570 	-0.333398 	0.434115 	-0.194271 	0.879660 	0.590802 	-0.675755 	-0.440800
1711699311.814651	-0.204751 	1.331459 	-0.330977 	0.437376 	-0.190820 	0.878800 	0.593202 	-0.673245 	-0.441422
1711699311.848000	-0.203650 	1.334165 	-0.328836 	0.439885 	-0.189230 	0.877892 	0.594114 	-0.671741 	-0.442486
1711699311.881347	-0.202791 	1.336670 	-0.327179 	0.441087 	-0.192319 	0.876617 	0.592887 	-0.670835 	-0.445497
1711699311.914696	-0.202846 	1.338937 	-0.325658 	0.438725 	-0.199807 	0.876126 	0.591407 	-0.669860 	-0.448916
1711699311.981392	-0.203590 	1.343560 	-0.325302 	0.440175 	-0.218557 	0.870906 	0.575015 	-0.676336 	-0.460353
1711699312.014739	-0.204494 	1.345864 	-0.326099 	0.441637 	-0.231449 	0.866827 	0.563055 	-0.680707 	-0.468623
1711699312.048088	-0.205783 	1.348527 	-0.327127 	0.440793 	-0.245932 	0.863261 	0.549681 	-0.686351 	-0.476207
1711699312.081435	-0.206796 	1.351591 	-0.328537 	0.441316 	-0.260628 	0.858669 	0.536520 	-0.690386 	-0.485296
1711699312.114784	-0.207624 	1.355288 	-0.330064 	0.442038 	-0.273960 	0.854135 	0.525290 	-0.692799 	-0.494063
1711699312.148131	-0.208409 	1.359760 	-0.331250 	0.440745 	-0.282850 	0.851903 	0.518939 	-0.694093 	-0.498933
1711699312.181480	-0.208972 	1.364769 	-0.332150 	0.439511 	-0.286250 	0.851405 	0.513980 	-0.697203 	-0.499729
1711699312.214827	-0.208793 	1.369441 	-0.333358 	0.440577 	-0.291594 	0.849037 	0.505483 	-0.701013 	-0.503058
1711699312.248176	-0.208370 	1.373222 	-0.334386 	0.441284 	-0.303571 	0.844460 	0.493167 	-0.704149 	-0.510842
1711699312.281523	-0.207923 	1.376765 	-0.334602 	0.439506 	-0.315856 	0.840874 	0.478813 	-0.709662 	-0.516833
1711699312.314872	-0.206872 	1.380338 	-0.334428 	0.440128 	-0.325200 	0.836978 	0.462622 	-0.716760 	-0.521760
1711699312.348219	-0.204670 	1.383839 	-0.333959 	0.447435 	-0.332357 	0.830265 	0.438877 	-0.727302 	-0.527653
1711699312.381568	-0.201934 	1.387285 	-0.332935 	0.453986 	-0.337658 	0.824552 	0.418673 	-0.736046 	-0.531931
1711699312.414915	-0.199180 	1.390954 	-0.331164 	0.455780 	-0.342345 	0.821623 	0.404734 	-0.742417 	-0.533861
1711699312.448264	-0.196632 	1.394417 	-0.329188 	0.452403 	-0.349433 	0.820504 	0.394409 	-0.746780 	-0.535502
1711699312.481611	-0.194252 	1.397863 	-0.327137 	0.445160 	-0.356755 	0.821316 	0.386412 	-0.750880 	-0.535600
1711699312.514960	-0.191753 	1.401462 	-0.325194 	0.437027 	-0.362412 	0.823204 	0.379630 	-0.755394 	-0.534100
1711699312.548307	-0.188904 	1.404923 	-0.323592 	0.430506 	-0.367977 	0.824171 	0.370547 	-0.760567 	-0.533134
1711699312.581656	-0.185858 	1.408064 	-0.322181 	0.423227 	-0.375594 	0.824504 	0.361602 	-0.764382 	-0.533819
1711699312.615003	-0.182640 	1.411180 	-0.320685 	0.415738 	-0.383075 	0.824872 	0.351392 	-0.768882 	-0.534173
1711699312.648352	-0.179009 	1.414506 	-0.318937 	0.409321 	-0.388649 	0.825475 	0.339643 	-0.774809 	-0.533212
1711699312.681700	-0.175004 	1.417868 	-0.317213 	0.403823 	-0.393809 	0.825737 	0.329011 	-0.779696 	-0.532753
1711699312.715048	-0.170545 	1.421606 	-0.315547 	0.398636 	-0.397431 	0.826522 	0.319816 	-0.784411 	-0.531431
1711699312.748395	-0.165691 	1.425731 	-0.314115 	0.394367 	-0.400909 	0.826890 	0.312344 	-0.787768 	-0.530908
1711699312.781744	-0.160428 	1.430235 	-0.312398 	0.391447 	-0.403695 	0.826921 	0.304217 	-0.791329 	-0.530328
1711699312.815091	-0.154833 	1.435131 	-0.310539 	0.390040 	-0.405013 	0.826942 	0.295643 	-0.795440 	-0.529029
1711699312.848439	-0.149173 	1.440201 	-0.308764 	0.388801 	-0.407562 	0.826272 	0.284156 	-0.800066 	-0.528344
1711699312.881787	-0.143581 	1.445302 	-0.306760 	0.384822 	-0.411708 	0.826080 	0.270455 	-0.805420 	-0.527400
1711699312.948482	-0.131364 	1.455025 	-0.303033 	0.373766 	-0.423575 	0.825157 	0.248256 	-0.811491 	-0.529014
1711699312.981831	-0.124803 	1.459251 	-0.300905 	0.368210 	-0.429272 	0.824711 	0.238229 	-0.813857 	-0.529987
1711699313.015178	-0.118282 	1.463129 	-0.298896 	0.361308 	-0.435847 	0.824314 	0.226075 	-0.816710 	-0.530917
1711699313.048526	-0.111840 	1.466437 	-0.297244 	0.352652 	-0.446292 	0.822471 	0.212792 	-0.817665 	-0.534922
1711699313.081874	-0.105178 	1.468962 	-0.296220 	0.343412 	-0.461501 	0.817975 	0.198993 	-0.815414 	-0.543598
1711699313.115222	-0.098425 	1.471301 	-0.295458 	0.334941 	-0.478014 	0.811983 	0.182277 	-0.812609 	-0.553571
1711699313.148569	-0.091796 	1.474014 	-0.294608 	0.324824 	-0.490320 	0.808750 	0.168655 	-0.811383 	-0.559656
1711699313.181918	-0.085098 	1.477022 	-0.293916 	0.315992 	-0.498289 	0.807376 	0.157682 	-0.811562 	-0.562585
1711699313.215265	-0.077817 	1.479937 	-0.293049 	0.311644 	-0.503349 	0.805927 	0.146227 	-0.812657 	-0.564098
1711699313.248613	-0.070420 	1.482731 	-0.292082 	0.310042 	-0.507525 	0.803923 	0.133963 	-0.813833 	-0.565446
1711699313.281961	-0.062846 	1.485437 	-0.290973 	0.309745 	-0.511254 	0.801671 	0.120096 	-0.815348 	-0.566377
1711699313.315309	-0.055068 	1.488032 	-0.290144 	0.308932 	-0.515113 	0.799513 	0.110501 	-0.815501 	-0.568113
1711699313.348656	-0.047335 	1.490246 	-0.289572 	0.306535 	-0.520657 	0.796839 	0.102379 	-0.814249 	-0.571417
1711699313.382005	-0.039822 	1.492215 	-0.289140 	0.302955 	-0.528783 	0.792847 	0.087678 	-0.812950 	-0.575692
1711699313.415352	-0.032460 	1.493670 	-0.289168 	0.298317 	-0.542364 	0.785397 	0.064839 	-0.809448 	-0.583599
1711699313.448700	-0.025056 	1.494335 	-0.289588 	0.288555 	-0.560293 	0.776407 	0.048178 	-0.801376 	-0.596217
1711699313.482048	-0.018346 	1.495084 	-0.290186 	0.273045 	-0.577387 	0.769461 	0.037657 	-0.792827 	-0.608283
1711699313.515396	-0.011882 	1.496257 	-0.290478 	0.256679 	-0.588619 	0.766579 	0.029853 	-0.787946 	-0.615022
1711699313.548743	-0.005376 	1.497785 	-0.290342 	0.241200 	-0.595698 	0.766138 	0.023832 	-0.785572 	-0.618312
1711699313.582092	0.001518 	1.499217 	-0.289895 	0.228068 	-0.600853 	0.766134 	0.017371 	-0.784236 	-0.620220
1711699313.615439	0.008842 	1.500659 	-0.289263 	0.218113 	-0.605170 	0.765634 	0.007843 	-0.783410 	-0.621455
1711699313.648787	0.016320 	1.502136 	-0.288376 	0.210097 	-0.609515 	0.764428 	-0.005156 	-0.782559 	-0.622554
1711699313.682135	0.023815 	1.503828 	-0.287369 	0.202066 	-0.612328 	0.764345 	-0.016856 	-0.782503 	-0.622416
1711699313.715484	0.031241 	1.505357 	-0.286611 	0.190744 	-0.618599 	0.762202 	-0.031189 	-0.779885 	-0.625145
1711699313.748832	0.039227 	1.506303 	-0.286082 	0.186488 	-0.631442 	0.752664 	-0.057984 	-0.771842 	-0.633163
1711699313.782182	0.047770 	1.506872 	-0.285952 	0.187697 	-0.643857 	0.741768 	-0.078564 	-0.762611 	-0.642071
1711699313.815530	0.056091 	1.507950 	-0.285347 	0.188161 	-0.649923 	0.736339 	-0.090207 	-0.757998 	-0.645989
1711699313.848879	0.063813 	1.510071 	-0.283803 	0.182867 	-0.647165 	0.740093 	-0.094714 	-0.760882 	-0.641942
1711699313.882227	0.071399 	1.512779 	-0.281905 	0.174909 	-0.638916 	0.749128 	-0.090716 	-0.768078 	-0.633897
1711699313.915576	0.079314 	1.514925 	-0.280292 	0.169667 	-0.632313 	0.755906 	-0.088014 	-0.773684 	-0.627431
1711699313.948925	0.087284 	1.516423 	-0.279094 	0.163545 	-0.628984 	0.760021 	-0.086696 	-0.776577 	-0.624030
1711699313.982274	0.095244 	1.517663 	-0.278169 	0.156155 	-0.627101 	0.763125 	-0.085574 	-0.778287 	-0.622050
1711699314.015622	0.103507 	1.518681 	-0.277287 	0.149956 	-0.625818 	0.765418 	-0.086347 	-0.779504 	-0.620419
1711699314.048972	0.112202 	1.519776 	-0.276069 	0.146627 	-0.622258 	0.768957 	-0.087927 	-0.782480 	-0.616435
1711699314.082320	0.121304 	1.520915 	-0.274693 	0.143284 	-0.616464 	0.774237 	-0.085450 	-0.787093 	-0.610888
1711699314.115669	0.130407 	1.522106 	-0.273352 	0.137388 	-0.611109 	0.779533 	-0.077504 	-0.791215 	-0.606608
1711699314.149018	0.139418 	1.523280 	-0.272220 	0.129776 	-0.606947 	0.784075 	-0.067643 	-0.794339 	-0.603696
1711699314.182367	0.148309 	1.524516 	-0.271424 	0.122259 	-0.603368 	0.788035 	-0.059789 	-0.797027 	-0.600977
1711699314.215715	0.157318 	1.525366 	-0.271253 	0.116985 	-0.602805 	0.789266 	-0.056161 	-0.797467 	-0.600746
1711699314.249064	0.166274 	1.526032 	-0.271546 	0.114247 	-0.604617 	0.788280 	-0.055117 	-0.796111 	-0.602635
1711699314.282413	0.174819 	1.526691 	-0.271929 	0.110346 	-0.605898 	0.787852 	-0.053739 	-0.795170 	-0.603999
1711699314.315762	0.182934 	1.527321 	-0.272388 	0.106934 	-0.605613 	0.788541 	-0.052816 	-0.795429 	-0.603740
1711699314.349111	0.190480 	1.527722 	-0.273020 	0.103407 	-0.604039 	0.790218 	-0.053331 	-0.796701 	-0.602018
1711699314.382460	0.197267 	1.527392 	-0.273810 	0.099281 	-0.605053 	0.789970 	-0.054698 	-0.796011 	-0.602804
1711699314.415808	0.202794 	1.526611 	-0.274493 	0.091584 	-0.608007 	0.788632 	-0.056456 	-0.793857 	-0.605479
1711699314.449158	0.207070 	1.525987 	-0.274834 	0.080117 	-0.607933 	0.789937 	-0.058969 	-0.793987 	-0.605071
1711699314.482506	0.210639 	1.525237 	-0.275230 	0.069045 	-0.608281 	0.790714 	-0.064540 	-0.793668 	-0.604921
1711699314.515856	0.213725 	1.524272 	-0.276023 	0.060009 	-0.611441 	0.789011 	-0.073931 	-0.790987 	-0.607350
1711699314.549204	0.216149 	1.523080 	-0.277128 	0.048770 	-0.616368 	0.785946 	-0.085574 	-0.786568 	-0.611544
1711699314.582553	0.218236 	1.521851 	-0.278523 	0.034822 	-0.621294 	0.782804 	-0.098733 	-0.781586 	-0.615935
1711699314.615902	0.220837 	1.520542 	-0.279946 	0.021445 	-0.625152 	0.780209 	-0.116549 	-0.776631 	-0.619082
1711699314.649251	0.224249 	1.519211 	-0.281284 	0.010245 	-0.627099 	0.778872 	-0.137511 	-0.772396 	-0.620076
1711699314.682599	0.228372 	1.517582 	-0.282150 	0.001752 	-0.628068 	0.778156 	-0.168690 	-0.767192 	-0.618839
1711699314.715948	0.233683 	1.515670 	-0.283278 	-0.006887 	-0.631434 	0.775398 	-0.197581 	-0.759271 	-0.620055
1711699314.749295	0.239712 	1.513546 	-0.284218 	-0.014297 	-0.633130 	0.773913 	-0.210918 	-0.754667 	-0.621279
1711699314.782643	0.245343 	1.511223 	-0.283983 	-0.024910 	-0.631252 	0.775177 	-0.231012 	-0.750796 	-0.618818
1711699314.815990	0.250481 	1.508609 	-0.283540 	-0.039937 	-0.627675 	0.777451 	-0.246057 	-0.747933 	-0.616485
1711699314.849339	0.256037 	1.505413 	-0.283412 	-0.050930 	-0.626736 	0.777566 	-0.250099 	-0.745764 	-0.617484
1711699314.882686	0.262360 	1.502817 	-0.282683 	-0.057255 	-0.623440 	0.779772 	-0.265250 	-0.743483 	-0.613901
1711699314.916034	0.268744 	1.500694 	-0.281547 	-0.067327 	-0.620359 	0.781423 	-0.288335 	-0.737685 	-0.610481
1711699314.949382	0.274914 	1.498624 	-0.280912 	-0.082682 	-0.619270 	0.780813 	-0.296741 	-0.732658 	-0.612503
1711699314.982730	0.280910 	1.497411 	-0.279924 	-0.102304 	-0.613538 	0.783010 	-0.314281 	-0.726887 	-0.610623
1711699315.016077	0.286450 	1.495883 	-0.278893 	-0.123972 	-0.607104 	0.784892 	-0.323241 	-0.723141 	-0.610395
1711699315.049425	0.292247 	1.492988 	-0.278197 	-0.141996 	-0.604250 	0.784040 	-0.313871 	-0.723708 	-0.614598
1711699315.082772	0.298388 	1.488971 	-0.277410 	-0.155614 	-0.605569 	0.780429 	-0.324661 	-0.714810 	-0.619387
1711699315.116121	0.305115 	1.485132 	-0.276269 	-0.164981 	-0.607247 	0.777195 	-0.347603 	-0.701635 	-0.621997
1711699315.149468	0.312183 	1.482929 	-0.274290 	-0.172698 	-0.599433 	0.781572 	-0.370032 	-0.695888 	-0.615479
